281	25	256	4925
[[27,	109,	2,	107,	80,	94],
[8,	168,	171,	42,	235,	243,	52,	70,	33],
[],
[145,	85,	148,	221,	14,	89,	51,	238,	198,	193,	168,	211,	59,	181,	229,	88,	218,	92,	197,	117,	250,	224,	31,	165,	200,	120,	100,	202,	140,	125,	247],
[164,	80,	11,	23,	145,	107,	98],
[55,	171,	128,	123,	209,	67,	187,	137,	33,	119,	144,	133],
[56,	85,	89,	141,	2,	197,	109],
[145,	85,	196,	82,	122,	165,	164],
[14,	133,	44,	238,	145,	110,	171,	227,	33,	75,	70],
[39],
[87,	119,	209,	137,	42],
[163,	60,	221,	133,	49,	76,	102,	31,	226,	53,	10,	171,	68,	40,	1,	173,	197,	114,	254,	238,	130,	222,	91,	208,	246,	87,	14,	200,	85,	249,	104,	150,	2,	83,	165,	65,	140,	251,	71,	35,	196,	54,	137,	28,	227,	88,	42,	255],
[235,	171,	44,	137,	77,	42,	238,	55,	233,	246,	209,	33],
[238,	42,	55,	133,	173,	128,	226,	70,	52,	235,	171,	168],
[114,	55,	84,	87,	133,	110,	188,	217,	119,	137,	33,	14,	105],
[87,	256,	22,	122,	192,	85,	205,	139,	25,	171,	114,	60,	211,	49,	109,	33,	92,	27,	51,	88,	120,	48,	37,	218,	188,	2,	239,	40,	100,	41,	146,	236,	21,	140,	165,	249,	91,	113,	133,	52,	200],
[85,	2,	89],
[209,	247,	58,	128,	243,	238,	77,	33,	217,	119,	55],
[144,	84,	128,	133,	58,	132,	171,	173,	227,	75,	42,	8,	90],
[240,	191,	104,	233,	89,	15,	181,	121,	249,	84,	25,	169,	235,	252,	205,	10,	59,	119,	203,	43,	31,	49,	198,	188,	200,	144,	26,	218,	27,	208,	67,	85,	221,	206,	133,	33,	236,	128,	155,	14,	178,	138,	141],
[207,	197,	167,	140,	244,	155,	27,	52,	124,	174,	98,	44,	6,	91,	193,	256,	185,	154,	133,	221,	138,	198,	249,	115,	97,	218,	192,	78,	68,	22,	87,	166,	127,	40,	178,	33,	250,	41,	17,	2,	135,	137,	181,	119],
[137,	157,	14,	45,	227,	240,	33,	119,	123,	24,	160,	171,	55],
[88,	133,	84,	137,	17,	251,	87,	167,	209,	8,	235,	119,	33,	160],
[161,	80,	165,	109,	197,	2,	40,	89,	154],
[88,	52,	77,	114,	128,	176],
[249,	4,	69,	55,	43,	198,	97,	192,	169,	205,	114,	221,	188,	40,	144,	60,	193,	24,	200,	49,	127,	162,	13,	197,	186,	6,	105,	195,	134,	107,	33,	113,	31,	65,	1,	79,	52,	170,	225,	128,	244,	3,	181,	120,	87],
[55,	47,	87,	119,	52,	58,	147,	70,	238,	171,	217,	123,	200],
[75,	14,	167,	137,	106,	77,	55,	67,	188,	33],
[67,	226,	171,	238,	128,	133,	168,	246,	33],
[31,	125,	198,	48,	27,	165,	18,	33,	212,	169,	104,	68,	205,	91,	150,	202,	113,	62,	197,	87,	109,	249,	237,	85,	115,	242,	244,	180,	166,	2,	79,	92,	185,	67,	201,	119,	100,	59,	42,	152],
[172,	200,	42,	14,	123,	251,	52,	147,	55,	133],
[166,	100,	20,	244,	205,	137,	193,	207,	237,	154,	107,	45,	146,	141,	188,	222,	236,	60,	140,	14,	218,	246,	97,	124,	247,	177,	238,	162,	125,	235,	3,	80,	48,	30,	6,	76,	185,	65,	77],
[141,	152,	85,	254],
[85,	89,	213,	11,	40,	197,	109,	164,	254],
[70,	90,	168,	55,	119,	171,	110,	187,	58,	33,	106,	200,	28,	238,	44,	14],
[168,	3,	133,	70,	87,	24,	128,	238,	200],
[122,	164,	103,	145,	121,	223,	107],
[192,	160,	209,	25,	55,	181,	27,	198,	87,	41,	120,	241,	100,	133,	31,	8,	148,	83,	128,	105,	178,	189,	222,	246,	60,	23,	92,	150,	242,	256,	184,	49,	127,	215,	140,	218,	115,	68],
[85,	113,	197,	222,	37,	190,	42,	207,	154,	179,	164,	123,	137,	243,	107,	98,	181,	215,	94,	133,	64,	1,	8,	79,	184,	41,	77,	138,	140,	72,	31,	141,	40,	14,	109,	146,	91,	220,	17,	130],
[165,	138,	238,	71,	197,	253,	41,	34,	6,	25,	115,	48,	107,	235,	239,	89,	36,	249,	70,	135,	244,	58,	154,	179,	162,	166,	100,	109,	158,	98,	146,	229,	140,	236],
[200,	88,	8,	33,	119,	168,	243,	233,	52,	226],
[171,	33,	70,	52,	119,	39],
[156,	250,	103,	87,	90,	119,	22,	92,	233,	144,	94,	97,	71,	178,	135,	170,	240,	185,	221,	198,	238,	91,	163,	134,	33,	190,	249,	248,	111,	213,	188,	222,	203,	146,	28,	115,	6,	123],
[60,	181,	200,	140,	179,	54,	249,	6,	33,	98,	205,	79,	145,	100,	119,	47,	85,	87,	77,	132,	107,	248,	171,	256,	164,	113,	173,	109,	92,	97,	195,	62,	138,	49,	19,	122,	165],
[181,	31,	195,	11,	197,	70,	144,	15,	207,	97,	41,	54,	40,	126,	171,	44,	77,	199,	130,	19,	80,	168,	196,	28,	60,	18,	92,	65,	162,	76,	88,	146,	238,	154,	193,	107,	239,	235],
[122,	107,	80,	197,	109,	40],
[187,	42,	119,	87,	28,	58,	252,	13],
[173,	123,	200,	3,	145,	42,	209,	13,	58,	55,	168,	8,	235,	14],
[45,	55,	200,	247,	52,	133,	88,	8,	119,	33,	188,	14,	84,	17],
[85,	94,	98,	254,	164,	154,	122,	197],
[238,	235,	67,	168,	28,	84,	145,	119],
[2,	107,	254,	89,	197,	98,	145,	83],
[171,	67,	133,	33,	235,	58,	42,	188,	55,	238,	240,	13],
[103,	165,	85,	197,	2,	80,	217,	35,	82,	98],
[79,	197,	119,	250,	31,	10,	146,	229,	24,	19,	6,	8,	133,	113,	72,	47,	156,	210,	185,	9,	256,	143,	25,	14,	69,	207,	67,	50,	56,	192,	92,	42,	239,	198,	188,	247],
[133,	168,	33,	105,	119,	44,	227,	84],
[210,	66,	26,	107,	162,	207,	28,	120,	164,	189,	152,	185,	123,	34,	241,	81,	181,	119,	236,	140,	42,	178,	87,	161,	190,	27,	218,	104,	6,	37,	33,	31,	49,	128,	204,	179,	2,	41,	222,	85,	205],
[154,	109,	107,	89,	85],
[144,	87,	24,	188,	105,	240,	55,	167,	227],
[145,	107,	109,	89,	154,	2,	93,	196],
[84,	79,	177,	207,	70,	197,	222,	171,	193,	224,	85,	205,	91,	256,	186,	22,	178,	198,	2,	52,	48,	100,	204,	218,	179,	192,	130,	131,	6,	119,	115,	181,	140,	165,	238,	120,	19,	49,	29],
[133,	42,	90,	87,	33,	132,	8,	14],
[56,	122,	145,	141,	35,	109,	197,	40],
[100,	209,	6,	23,	150,	140,	236,	88,	68,	59,	40,	251,	133,	29,	198,	97,	116,	144,	89,	210,	87,	180,	181,	120,	130,	186,	177,	42,	154,	252,	85,	70,	122,	48,	58,	250,	24,	145,	52],
[109,	154,	2,	23,	63,	93,	107],
[235,	105,	55,	44,	42,	119,	206,	171,	188],
[187,	222,	192,	128,	256,	68,	65,	205,	145,	51,	235,	39,	113,	172,	107,	48,	115,	249,	176,	18,	160,	207,	199,	140,	102,	97,	43,	244,	11,	248,	41,	250,	156,	87,	181,	31,	135,	114,	79,	49,	121,	120,	152],
[164,	152,	165,	154,	89,	35,	2,	197,	109,	213],
[209,	171,	77,	128,	235,	75,	108,	145,	55,	83,	28,	238,	87,	42],
[52,	14,	75,	87,	110,	106,	240,	238,	42,	44],
[89,	254,	152,	165,	154,	103],
[119,	13,	145,	83,	106],
[90,	212,	59,	98,	240,	31,	29,	52,	133,	130,	115,	124,	127,	128,	41,	60,	105,	14,	122,	256,	49,	77,	51,	201,	97,	246,	181,	92,	164,	192,	235,	140,	238,	65,	176,	162,	198,	207],
[75,	84,	247,	133,	176,	128,	77,	114],
[],
[42,	70,	14,	17,	119,	226,	167,	13,	77,	83,	88,	145],
[],
[77,	169,	91,	76,	18,	222,	161,	2,	185,	8,	181,	20,	42,	201,	249,	6,	109,	147,	159,	50,	197,	33,	90,	193,	19,	97,	162,	1,	22,	79,	256,	250,	11,	209,	198],
[235,	144,	58,	145,	173,	70,	28,	171,	206,	88,	188],
[44,	200,	13,	238,	133,	77,	147,	160,	33,	8],
[8,	133,	238,	45,	87,	144,	28],
[107,	51,	172,	95,	97,	19,	159,	67,	166,	109,	121,	6,	146,	207,	226,	85,	154,	249,	119,	64,	2,	104,	17,	200,	20,	115,	122,	41,	33,	89,	124,	196,	68,	140,	160,	197,	3,	40],
[238,	212,	187,	88,	172,	167,	58,	70,	84,	133],
[165,	80,	164,	109,	154,	145],
[97,	47,	130,	24,	197,	25,	81,	171,	203,	87,	113,	133,	109,	150,	92,	60,	90,	89,	13,	67,	52,	53,	161,	18,	122,	49,	98,	227,	218,	77,	6,	201,	74,	35,	69,	165],
[132,	61,	37,	81,	152,	207,	3,	97,	60,	150,	217,	103,	123,	171,	146,	181,	120,	244,	157,	40,	62,	218,	133,	176,	29,	4,	256,	140,	52,	31,	128,	198,	54,	205],
[23,	117,	145,	27,	141,	197,	107],
[80,	93,	175,	82],
[14,	52,	42,	44,	58,	238,	33,	188,	133,	87,	8],
[35,	85,	107,	213,	82,	23,	152],
[189,	141,	66,	109,	213,	20,	158,	133,	165,	120,	197,	185,	100,	106,	107,	140,	87,	150,	44,	123,	119,	35,	192,	194,	253,	155,	2,	72,	33,	15,	223,	156,	132,	126],
[24,	235,	133,	14,	200,	75,	188,	240,	42,	171],
[187,	238,	209,	88,	225,	188,	251,	157,	24,	119,	110,	145],
[106,	188,	70,	47,	87,	119,	246,	105,	227,	13,	172],
[154,	107,	23,	109],
[243,	137,	45,	83,	70,	200,	24,	17,	217,	8,	87,	235,	119,	52,	55],
[247,	119,	226,	105,	235,	55,	238,	44,	110],
[58,	28,	147,	42,	84,	105,	77,	132,	17,	167,	171,	133,	186],
[147,	55,	33,	168,	171,	233,	14,	52,	70,	77,	128],
[88,	133,	42,	186,	209,	70,	33,	87,	55,	52,	226,	77,	200,	238,	83],
[97,	14,	223,	227,	28,	91,	146,	173,	89,	150,	15,	94,	249,	2,	40,	60,	25,	19,	222,	47,	165,	188,	77,	85,	199,	10,	206,	115,	31,	49,	193,	79,	192,	211,	130,	191,	256,	119,	162],
[80,	213,	40,	154,	197,	11,	103,	152,	141],
[28,	144,	14,	44,	235,	176,	133,	55,	45,	106],
[227,	145,	47,	55,	188,	212,	238,	233,	88,	136,	83,	251,	206,	191,	123,	17,	87],
[85,	154],
[83,	23,	27,	35,	141,	107,	165,	109],
[13,	47,	55,	70,	119,	137,	133,	14,	145,	87],
[209,	79,	122,	61,	103,	202,	119,	33,	14,	85,	218,	8,	89,	92,	140,	132,	171,	44,	195,	117,	249,	17,	67,	189,	109,	113,	120,	123,	6,	52,	201,	76,	59,	68,	152,	53,	178,	192],
[176,	238,	186,	188,	83,	212,	63,	114,	55,	144,	119,	187,	42,	75,	133,	77],
[],
[119,	42,	45,	14,	55,	235,	47,	168,	145,	240],
[23,	249,	181,	156,	211,	11,	130,	79,	49,	52,	193,	33,	166,	169,	132,	37,	171,	215,	107,	54,	240,	55,	128,	41,	254,	104,	213,	19,	40,	106,	66,	83,	233,	222,	137,	165,	115,	144,	200],
[123,	119,	33,	200,	42,	110,	137,	128,	133,	227,	24,	226,	238],
[11,	93,	89,	145,	98,	85],
[168,	235,	61,	238,	83,	33,	176,	77,	133,	188,	137,	52],
[89,	14,	100,	43,	249,	245,	238,	154,	80,	207,	178,	146,	113,	25,	197,	84,	162,	47,	127,	125,	164,	31,	49,	97,	103,	55,	37,	90,	198,	44,	167,	19,	192,	91,	126,	236,	120,	77,	216,	108,	158,	102],
[124,	65,	168,	195,	3,	19,	49,	54,	218,	198,	203,	156,	133,	161,	131,	249,	47,	121,	120,	94,	50,	6,	89,	242,	194,	18,	62,	79,	256,	171,	88,	252,	82,	164,	140,	28,	69,	11,	181,	238,	146,	55],
[85,	35,	223,	109,	122,	89,	64,	154,	165,	40,	197],
[85,	154,	107,	145,	2,	121,	89],
[37,	79,	131,	119,	202,	174,	19,	197,	115,	140,	185,	68,	59,	10,	70,	176,	177,	212,	188,	109,	184,	81,	130,	154,	17,	85,	33,	87,	107,	18,	48,	6,	229,	218,	203,	93,	121,	89,	91,	23,	100,	146,	110],
[2,	164,	23,	109,	85,	197],
[238,	6,	235,	58,	115,	133,	221,	167,	79,	59,	184,	172,	150,	116,	100,	37,	87,	199,	49,	192,	2,	98,	60,	158,	161,	141,	92,	190,	85,	44,	140,	162,	69,	244,	205,	93,	185],
[145],
[137,	52,	235,	133,	42,	87,	176,	238,	33,	88],
[121,	70,	198,	193,	176,	17,	171,	25,	148,	128,	62,	110,	43,	93,	42,	59,	35,	181,	9,	218,	2,	204,	28,	208,	41,	135,	137,	146,	87,	65,	40,	19,	214,	156,	249,	24,	34,	6],
[218,	91,	178,	186,	176,	159,	202,	164,	37,	193,	89,	197,	1,	42,	43,	98,	127,	220,	70,	251,	14,	97,	45,	207,	227,	31,	137,	181,	205,	49,	25,	33,	2,	185,	62,	249,	148],
[83],
[87,	145,	117,	89,	65,	218,	52,	177,	33,	120,	221,	42,	193,	60,	40,	109,	31,	19,	70,	171,	72,	1,	198,	239,	55,	205,	24,	107,	79,	222,	123,	97,	93,	185,	34,	88,	104],
[45,	158,	191,	6,	200,	207,	40,	165,	256,	97,	205,	55,	31,	103,	10,	80,	49,	78,	19,	4,	192,	254,	81,	218,	133,	238,	150,	159,	188,	152,	120,	247,	109,	2,	47,	140,	89,	108,	121],
[54,	87,	50,	91,	115,	2,	1,	238,	79,	125,	11,	59,	216,	116,	55,	202,	126,	75,	51,	239,	133,	109,	62,	178,	76,	227,	223,	192,	189,	65,	108,	6,	206,	146,	106,	249,	85],
[238,	3,	144,	226,	188,	171,	28],
[254,	85,	2,	154,	107],
[103,	85,	2,	141,	152,	154,	165],
[52,	130,	155,	164,	150,	85,	227,	141,	88,	54,	79,	205,	8,	89,	207,	185,	60,	18,	226,	197,	13,	165,	222,	236,	104,	215,	254,	161,	181,	87,	19,	198,	178,	158,	53,	28,	14,	249,	220,	192,	146,	107,	109,	211],
[128,	171,	87,	145,	246,	133],
[197,	121,	107,	2,	165,	122,	89,	141],
[226,	167,	75,	217,	84,	8,	110,	252,	209,	55,	173,	87,	133],
[42,	186,	238,	55,	8,	33,	87,	133,	47,	119,	75,	58],
[173,	24,	119,	28,	206,	212,	235,	188,	75,	225,	13],
[243,	212,	88,	105,	47,	87,	119,	171,	226,	55],
[128,	3,	133,	243,	119,	209,	238],
[256,	93,	178,	188,	49,	140,	92,	220,	197,	246,	60,	3,	240,	43,	213,	87,	120,	200,	40,	97,	125,	7,	109,	58,	107,	59,	52,	41,	181,	117,	222,	198,	66,	76,	28,	85,	104,	242,	166,	165,	101],
[238,	90,	58,	132,	157,	105,	33,	173,	14,	128,	145,	171],
[164,	141,	213,	145,	83,	2,	85,	197,	223,	109],
[41,	24,	70,	130,	40,	80,	61,	198,	89,	128,	6,	166,	132,	199,	126,	102,	23,	82,	15,	97,	34,	85,	9,	2,	207,	109,	236,	87,	249,	161,	173,	115,	202,	60,	179,	140,	79,	92,	181,	165,	35,	49,	256,	55,	104,	150],
[2,	197,	64,	109,	196,	107,	145],
[159,	2,	49,	15,	210,	23,	207,	145,	137,	236,	103,	52,	9,	168,	3,	190,	1,	127,	89,	198,	143,	26,	146,	97,	158,	204,	131,	221,	218,	256,	102,	87,	120,	192,	150,	164,	166,	227],
[173,	88,	128,	77,	87,	186,	133,	14,	24,	13],
[238,	88,	28,	176,	128,	110,	75,	87,	145,	17,	173,	233],
[227,	225,	28,	133,	188,	212,	243,	119,	63,	191,	87,	217,	144,	219],
[141,	116,	106,	119,	87,	220,	170,	92,	238,	218,	181,	31,	229,	256,	199,	18,	165,	82,	2,	11,	249,	135,	210,	228,	130,	64,	124,	197,	223,	23,	216,	60,	133,	113,	200,	94,	184,	235,	3,	51,	55,	97,	164,	104,	62],
[],
[],
[14,	47,	227,	28,	147,	119,	90,	209,	238,	233,	186],
[145],
[87,	3,	119,	44,	171,	238,	55,	133,	90,	114,	206,	137,	75],
[197,	18,	81,	165,	177,	51,	115,	201,	61,	29,	193,	244,	150,	120,	223,	40,	138,	128,	65,	218,	178,	109,	192,	31,	130,	55,	107,	185,	164,	145,	97,	173,	41],
[200,	24,	28,	87,	238,	188,	168,	44,	47],
[206,	75,	58,	39,	87,	13,	119,	8,	188,	33,	42,	238,	132],
[1,	89,	13,	6,	92,	147,	37,	87,	42,	181,	227,	14,	85,	235,	256,	171,	156,	28,	52,	140,	222,	255,	166,	141,	84,	131,	82,	40,	109,	65,	55,	238,	119,	33,	79,	221],
[42,	110,	243,	217,	225],
[33,	14,	8,	246,	42,	21,	58,	84,	238,	90,	171,	87,	247],
[66,	107,	119,	34,	91,	192,	79,	60,	218,	198,	104,	150,	207,	215,	154,	54,	10,	27,	80,	212,	159,	200,	222,	161,	41,	141,	23,	177,	155,	98,	205,	135,	164],
[133,	193,	152,	89,	87,	109,	185,	85,	171,	77,	244,	37,	60,	256,	40,	219,	169,	223,	6,	155,	150,	127,	165,	181,	124,	84,	49,	115,	209,	81,	43,	51,	2,	33,	113,	243,	176,	215],
[65,	88,	18,	256,	47,	99,	40,	33,	104,	92,	217,	140,	222,	156,	60,	35,	207,	50,	87,	105,	150,	171,	14,	138,	174,	121,	166,	42,	28,	109,	80,	49,	1,	130,	59,	238,	21,	122,	254,	198,	93],
[200,	123,	55,	24,	84,	87,	227,	52,	106,	33,	88,	188],
[227,	87,	8,	17,	55,	123,	84,	247,	168,	238,	105,	251,	30,	106,	33,	176,	28],
[65,	218,	188,	198,	107,	27,	35,	192,	67,	106,	130,	82,	250,	145,	181,	3,	185,	109,	256,	217,	89,	93,	47,	85,	127,	115,	24,	197,	205,	70,	162,	176,	34,	100,	77,	150],
[176,	137,	55,	188,	171,	70],
[164,	109,	98,	2,	40,	64,	85,	23],
[107,	56,	141,	164],
[54,	33,	137,	105,	119,	256,	5,	218,	185,	109,	195,	213,	197,	89,	41,	91,	65,	238,	115,	180,	128,	193,	147,	34,	40,	159,	60,	25,	120,	186,	140,	69,	215,	152,	249,	48,	221,	130,	103,	156,	31,	133,	162,	90],
[9,	244,	193,	70,	164,	140,	109,	181,	72,	88,	8,	227,	218,	2,	192,	234,	207,	222,	171,	31,	37,	250,	47,	92,	65,	185,	59,	197,	6,	50,	137,	28,	152,	15,	89,	154,	52],
[39,	63],
[128,	33,	87,	119,	144,	200,	206,	133,	45,	235,	84],
[107,	154,	89,	197,	164],
[17,	226,	88,	8,	87,	173,	106,	171,	238,	247,	58,	13,	200,	24],
[83,	167,	171,	157,	42,	114,	3,	119,	14,	75,	209],
[87,	235,	33,	52,	106,	238,	145,	108,	47,	45,	105,	188,	114],
[119,	238,	75,	171,	132,	17,	55,	52,	128],
[160,	77,	42,	246,	24,	233,	188,	33],
[2,	141,	145,	107,	154],
[105,	87,	200,	168,	243,	33,	13,	188,	128,	176,	133,	70,	90,	14],
[200,	171,	128,	110,	28,	8,	106],
[168,	128,	106,	188,	87,	119,	238],
[176,	169,	249,	19,	198,	86,	148,	9,	173,	226,	130,	222,	223,	115,	162,	92,	106,	87,	235,	181,	204,	43,	202,	209,	33,	238,	155,	236,	193,	210],
[133,	132,	110,	28,	232,	3,	206,	238,	176,	75,	200],
[185,	236,	132,	120,	59,	154,	2,	100,	174,	115,	14,	244,	31,	113,	235,	75,	94,	83,	196,	44,	233,	69,	23,	6,	98,	60,	252,	87,	192,	246,	146,	89],
[28,	14,	87,	246,	133,	67,	108,	200],
[85,	223,	154,	161,	165,	152,	103],
[238,	154,	192,	109,	189,	211,	14,	117,	98,	205,	58,	7,	43,	254,	197,	144,	29,	243,	188,	89,	31,	130,	70,	158,	100,	54,	55,	218,	164,	140,	6,	176,	223,	65,	49,	33,	62,	60,	155],
[110,	238,	209,	8,	52,	55,	171,	47,	176,	247,	246],
[75,	251,	137,	226,	119,	238,	70,	90],
[87,	160,	84,	238,	33,	188,	42,	119,	13,	144],
[156,	67,	174,	89,	197,	15,	169,	109,	87,	133,	150,	37,	122,	221,	84,	146,	116,	91,	198,	17,	127,	42,	201,	176,	170,	75,	103,	60,	97,	199,	19,	184,	162],
[87,	145,	42,	238,	188,	171,	186,	44,	173,	160],
[20,	59,	33,	162,	131,	207,	168,	41,	103,	212,	23,	204,	218,	133,	49,	255,	2,	87,	185,	188,	75,	60,	193,	238,	130,	97,	70,	155,	152,	65,	116,	79,	109,	85,	169,	128,	222],
[],
[70,	87,	90,	188,	168,	8],
[100,	97,	165,	224,	244,	18,	120,	13,	59,	23,	33,	192,	83,	133,	132,	103,	256,	5,	31,	29,	119,	164,	221,	60,	88,	137,	212,	231,	242,	53,	44,	130,	177,	222,	2,	218,	185,	92,	107,	181],
[85,	23,	196,	141,	165,	154],
[48,	115,	65,	79,	204,	31,	41,	177,	25,	197,	249,	109,	60,	18,	68,	49,	242,	130,	223,	243,	238,	190,	24,	47,	81,	229,	185,	80,	200,	44,	166,	250,	181,	236,	89,	133,	57,	178,	235,	161,	155,	138,	6,	62],
[252,	119,	3,	33,	226],
[],
[52,	75,	14,	133,	171,	87,	55],
[107,	121,	109],
[90,	52,	33,	47,	246,	168,	75,	209,	243,	8,	128,	167,	235],
[251,	247,	212,	200,	28,	133,	87,	33,	144,	227,	235],
[192,	238,	3,	6,	100,	85,	159,	226,	116,	27,	42,	186,	144,	154,	146,	150,	199,	31,	167,	18,	87,	119,	33,	242,	47,	198,	177,	207,	145,	115,	68,	181,	9,	91,	17],
[80,	42,	119,	59,	62,	170,	8,	192,	249,	244,	189,	31,	92,	169,	204,	37,	2,	29,	54,	4,	179,	238,	141,	94,	60,	197,	22,	41,	34,	87,	137,	9,	152,	81,	38,	173,	207,	150,	32,	89,	235],
[92,	55,	33,	218,	120,	82,	23,	223,	41,	11,	85,	113,	60,	87,	45,	43,	34,	19,	107,	115,	207,	97,	40,	56,	185,	2,	17,	61,	91,	72,	123,	119,	57,	256,	103,	224,	199,	162,	181,	100,	6,	154,	106,	84,	109,	173,	130],
[191,	246,	233,	87,	105,	235,	119,	70,	186,	58,	14,	188,	238,	24],
[176,	119,	70,	33,	87,	114,	145,	77,	42,	84,	168],
[],
[89,	11,	64,	23,	103],
[133,	145,	103,	158,	77,	107,	213,	238,	70,	109,	141,	218,	193,	47,	87,	60,	31,	88,	150,	140,	104,	138,	221,	254,	79,	75,	40,	7,	100,	89,	162,	91,	204,	102,	168,	192,	205,	249,	97,	161,	62,	243,	13,	154,	200,	209,	131,	181,	2],
[188,	226,	186,	28,	70],
[88,	42,	144,	110,	13,	173,	209,	28,	52],
[121,	197,	89,	27,	161,	165,	85,	35],
[246,	14,	147,	227,	87,	75,	168,	188,	191,	44,	42,	33],
[223,	165,	107,	98],
[141,	35,	154,	107,	89,	80,	27],
[80,	109,	254,	107,	35,	85,	152,	40],
[55,	212,	235,	227,	168,	28,	225,	88,	110],
[106,	217,	90,	238,	75,	108,	44,	133,	191,	33],
[89,	199,	64,	249,	190,	146,	49,	170,	246,	172,	156,	162,	31,	33,	45,	66,	67,	2,	185,	119,	123,	235,	116,	215,	181,	209,	174,	47,	238,	150,	90,	28,	131,	37,	107,	6,	8,	120,	117],
[103,	165,	109,	197,	145],
[212,	200,	217,	87,	171,	176,	233,	243],
[210,	158,	198,	188,	140,	66,	113,	75,	109,	18,	194,	89,	6,	145,	138,	85,	2,	60,	118,	42,	242,	169,	120,	209,	81,	105,	40,	235,	227,	65,	17,	175,	144,	97,	92,	27,	62,	202,	59,	20,	170],
[128,	167,	228,	40,	122,	97,	14,	207,	192,	186,	197,	57,	184,	198,	93,	113,	134,	233,	92,	41,	144,	218,	201,	164,	177,	222,	256],
[154,	122,	213,	141,	109,	2,	152],
[123,	24,	191,	70,	105,	133,	33,	168,	83,	90,	75,	42,	243,	17,	119,	84],
[107,	224,	164,	2,	103,	145,	93,	141,	89],
[189,	181,	155,	210,	169,	193,	106,	146,	188,	119,	34,	60,	33,	19,	87,	52,	65,	43,	140,	196,	126,	216,	172,	166,	253,	44,	47,	221,	82,	97,	185,	218,	164,	256,	244,	205,	249,	150,	89,	61],
[145,	162,	109,	154,	197,	218,	171,	210,	238,	164,	48,	52,	31,	168,	88,	185,	128,	116,	223,	196,	60,	19,	133,	92,	6,	181,	119,	81,	150,	115,	65,	204,	191,	74,	11],
[122,	11,	2,	196,	89,	35,	164,	80,	93],
[55,	119,	90,	42,	123,	133,	114,	238,	226,	106,	88,	168,	188,	105,	8,	235,	110],
[107,	85,	122,	40,	141,	89,	98,	83],
[227,	105,	33,	186,	24,	133,	47,	106,	188,	176,	247],
[164,	40,	165,	107,	118,	145],
[87,	33,	176,	235,	238,	133,	52,	55,	28,	42],
[238,	173,	227,	176,	119,	77,	128,	75,	52,	87],
[186,	144,	87,	58,	145,	14,	75,	90,	119,	84,	238],
[87,	206,	200,	70,	133,	110,	119,	114],
[14,	247,	125,	185,	85,	33,	203,	249,	119,	57,	222,	223,	169,	107,	193,	81,	244,	67,	41,	135,	221,	182,	218,	155,	226,	256,	242,	55,	177,	120,	189,	109,	137,	192,	79,	59,	196,	145],
[56,	107,	2,	85,	89,	197,	165,	11,	109,	223],
[85,	154,	103,	109],
[2,	98,	121,	27],
[33,	119,	171,	67,	160,	187,	24],
[200,	217,	70,	160,	55],
[128,	55,	17,	3,	8,	167,	88,	87,	145,	147,	238,	106,	28,	119,	14],
[205,	162,	211,	181,	169,	158,	79,	242,	107,	130,	220,	82,	110,	4,	133,	206,	195,	150,	148,	17,	156,	52,	165,	137,	174,	15,	189,	204,	6,	7,	178,	3,	202,	31,	87,	120,	146,	85,	249],
[119,	24,	247,	21,	133,	167,	52,	8],
[160,	119,	44,	42,	88,	24,	238,	247],
[109,	2,	161,	164,	213,	196,	89],
[109,	27,	40,	197,	196],
[115,	102,	18,	59,	213,	6,	159,	109,	49,	205,	107,	100,	201,	130,	85,	76,	111,	198,	199,	244,	51,	25,	89,	138,	254,	9,	120,	7,	197,	79,	250,	218,	92],
[205,	115,	170,	7,	166,	185,	163,	65,	198,	150,	76,	208,	6,	104,	31,	195,	131,	207,	126],
[235,	13,	133,	15,	221,	124,	52,	246,	187,	19,	222,	116,	33,	159,	238,	43,	10,	146,	104,	92,	198,	255,	169,	242,	205,	207,	100,	42,	199],
[156,	92,	41,	66,	100,	249,	215,	203,	150,	201,	140,	15,	207,	169,	222,	146,	162,	19,	102,	25,	245,	38],
[87,	204,	199,	48,	33,	218,	140,	31,	178,	59,	113,	120,	238,	55,	167,	144,	211,	200,	49,	232,	112,	158,	212,	71,	189,	173,	198,	190,	166,	75,	150,	181],
[201,	2,	256,	249,	27,	248,	93,	37,	41,	89,	97,	6,	34,	244,	115,	43,	10,	166,	161,	62,	107,	231,	177,	194,	207,	116,	198,	220,	169,	216,	40,	222,	60,	125,	185,	65,	213],
[19,	60,	205,	6,	113,	77,	76,	41,	128,	123,	54,	65,	51,	212,	37,	42,	119,	166,	198,	125,	92,	146,	31,	256,	220,	218,	79,	211,	3,	47,	29,	25,	33,	237,	240],
[169,	203,	37,	87,	188,	33,	17,	181,	146,	240,	187,	225,	155,	170,	192,	127,	60,	92,	6,	174,	49,	18,	235,	51,	204,	20,	108,	158,	256,	207,	173],
[192,	100,	31,	35,	201,	41,	115,	2,	124,	122,	165,	218,	203,	19,	207,	9,	40,	154,	26,	148,	131,	80,	210,	65,	113,	162,	158],
[244,	68,	76,	97,	65,	66,	60,	208,	218,	79,	49,	205,	199,	216,	150,	193,	19,	204,	189,	69,	9,	215,	135,	185,	156,	222,	220,	249],
[49,	60,	185,	135,	210,	18,	207,	68,	53,	158,	124,	97,	31,	249,	155,	115,	202,	140,	100,	201,	131,	46,	256,	162,	101],
[6,	220,	150,	205,	159,	76,	142,	203,	207,	236,	65,	210,	19,	126,	181,	115,	97,	218,	198,	148,	79,	43,	192,	130,	248],
[170,	147,	65,	90,	19,	124,	81,	133,	69,	207,	205,	87,	249,	45,	193,	156,	146,	250,	181,	155,	140,	130,	218,	198,	62,	238,	128],
[218,	197,	12,	85,	91,	130,	76,	159,	34,	116,	60,	198,	249,	164,	207,	68,	26,	107,	115,	72,	31,	205],
[49,	102,	76,	91,	69,	126,	72,	125,	120,	159,	6,	71,	4,	207,	185,	43,	20,	60,	104,	92],
[131,	60,	185,	52,	207,	248,	171,	133,	59,	168,	235,	205,	37,	65,	119,	211,	144,	55,	15,	138,	214,	20,	135,	215,	247,	49,	249,	100,	198,	192,	140,	230,	202,	102],
[218,	44,	42,	60,	163,	140,	205,	115,	33,	203,	181,	37,	49,	51,	194,	210,	7,	123,	55,	256,	179,	43,	104,	244,	116,	65,	6,	124,	133,	170],
[218,	103,	197,	80,	11,	178,	19,	250,	229,	66,	162,	153,	25,	107,	85,	72,	109,	140,	79,	41,	249,	76,	177,	27,	138,	196,	6,	154,	59,	97,	100,	65,	115,	248],
[54,	198,	92,	37,	150,	115,	34,	181,	146,	199,	207,	155,	102,	51,	194,	25,	100,	29,	166,	237,	19],
[69,	100,	51,	210,	249,	195,	37,	205,	26,	156,	193,	177,	130,	120,	31,	179,	79,	148,	36,	198,	97,	25,	222,	220,	60,	6,	15,	19,	140],
[6,	205,	93,	97,	164,	196,	204,	115,	2,	76,	37,	256,	40,	122,	120,	165,	236,	19,	249,	60,	85,	116,	229,	72,	100,	163],
[125,	59,	222,	31,	198,	62,	104,	199,	37,	115,	185,	218,	248,	216,	100,	207,	60,	6,	65],
[203,	79,	60,	31,	97,	65,	205,	146,	6,	68,	207,	100,	198,	49,	250,	166,	178,	62,	192,	115,	41,	59,	231,	81,	181],
[31,	210,	198,	19,	97,	192,	185,	49,	127,	79,	37,	65,	6,	100,	222,	120,	146,	255,	220,	158,	181,	115,	256,	104,	66,	189,	92],
[68,	202,	125,	31,	166,	79,	104,	204,	69,	22,	193,	214,	7,	244,	207,	140,	192,	1,	158,	146,	222,	25,	59,	100,	236,	62,	60]]
[[1,	1,	1,	1,	1,	1],
[1,	1,	1,	1,	1,	1,	1,	1,	1],
[],
[1,	1,	1,	1,	1,	1,	1,	1,	1,	1,	1,	1,	1,	1,	1,	1,	1,	1,	1,	1,	1,	1,	1,	1,	1,	1,	1,	1,	1,	1,	1],
[1,	1,	1,	1,	1,	1,	1],
[1,	1,	1,	1,	1,	1,	1,	1,	1,	1,	1,	1],
[1,	1,	1,	1,	1,	1,	1],
[1,	1,	1,	1,	1,	1,	1],
[1,	1,	1,	1,	1,	1,	1,	1,	1,	1,	1],
[1],
[1,	1,	1,	1,	1],
[1,	1,	1,	1,	1,	1,	1,	1,	1,	1,	1,	1,	1,	1,	1,	1,	1,	1,	1,	1,	1,	1,	1,	1,	1,	1,	1,	1,	1,	1,	1,	1,	1,	1,	1,	1,	1,	1,	1,	1,	1,	1,	1,	1,	1,	1,	1,	1],
[1,	1,	1,	1,	1,	1,	1,	1,	1,	1,	1,	1],
[1,	1,	1,	1,	1,	1,	1,	1,	1,	1,	1,	1],
[1,	1,	1,	1,	1,	1,	1,	1,	1,	1,	1,	1,	1],
[1,	1,	1,	1,	1,	1,	1,	1,	1,	1,	1,	1,	1,	1,	1,	1,	1,	1,	1,	1,	1,	1,	1,	1,	1,	1,	1,	1,	1,	1,	1,	1,	1,	1,	1,	1,	1,	1,	1,	1,	1],
[1,	1,	1],
[1,	1,	1,	1,	1,	1,	1,	1,	1,	1,	1],
[1,	1,	1,	1,	1,	1,	1,	1,	1,	1,	1,	1,	1],
[1,	1,	1,	1,	1,	1,	1,	1,	1,	1,	1,	1,	1,	1,	1,	1,	1,	1,	1,	1,	1,	1,	1,	1,	1,	1,	1,	1,	1,	1,	1,	1,	1,	1,	1,	1,	1,	1,	1,	1,	1,	1,	1],
[1,	1,	1,	1,	1,	1,	1,	1,	1,	1,	1,	1,	1,	1,	1,	1,	1,	1,	1,	1,	1,	1,	1,	1,	1,	1,	1,	1,	1,	1,	1,	1,	1,	1,	1,	1,	1,	1,	1,	1,	1,	1,	1,	1],
[1,	1,	1,	1,	1,	1,	1,	1,	1,	1,	1,	1,	1],
[1,	1,	1,	1,	1,	1,	1,	1,	1,	1,	1,	1,	1,	1],
[1,	1,	1,	1,	1,	1,	1,	1,	1],
[1,	1,	1,	1,	1,	1],
[1,	1,	1,	1,	1,	1,	1,	1,	1,	1,	1,	1,	1,	1,	1,	1,	1,	1,	1,	1,	1,	1,	1,	1,	1,	1,	1,	1,	1,	1,	1,	1,	1,	1,	1,	1,	1,	1,	1,	1,	1,	1,	1,	1,	1],
[1,	1,	1,	1,	1,	1,	1,	1,	1,	1,	1,	1,	1],
[1,	1,	1,	1,	1,	1,	1,	1,	1,	1],
[1,	1,	1,	1,	1,	1,	1,	1,	1],
[1,	1,	1,	1,	1,	1,	1,	1,	1,	1,	1,	1,	1,	1,	1,	1,	1,	1,	1,	1,	1,	1,	1,	1,	1,	1,	1,	1,	1,	1,	1,	1,	1,	1,	1,	1,	1,	1,	1,	1],
[1,	1,	1,	1,	1,	1,	1,	1,	1,	1],
[1,	1,	1,	1,	1,	1,	1,	1,	1,	1,	1,	1,	1,	1,	1,	1,	1,	1,	1,	1,	1,	1,	1,	1,	1,	1,	1,	1,	1,	1,	1,	1,	1,	1,	1,	1,	1,	1,	1],
[1,	1,	1,	1],
[1,	1,	1,	1,	1,	1,	1,	1,	1],
[1,	1,	1,	1,	1,	1,	1,	1,	1,	1,	1,	1,	1,	1,	1,	1],
[1,	1,	1,	1,	1,	1,	1,	1,	1],
[1,	1,	1,	1,	1,	1,	1],
[1,	1,	1,	1,	1,	1,	1,	1,	1,	1,	1,	1,	1,	1,	1,	1,	1,	1,	1,	1,	1,	1,	1,	1,	1,	1,	1,	1,	1,	1,	1,	1,	1,	1,	1,	1,	1,	1],
[1,	1,	1,	1,	1,	1,	1,	1,	1,	1,	1,	1,	1,	1,	1,	1,	1,	1,	1,	1,	1,	1,	1,	1,	1,	1,	1,	1,	1,	1,	1,	1,	1,	1,	1,	1,	1,	1,	1,	1],
[1,	1,	1,	1,	1,	1,	1,	1,	1,	1,	1,	1,	1,	1,	1,	1,	1,	1,	1,	1,	1,	1,	1,	1,	1,	1,	1,	1,	1,	1,	1,	1,	1,	1],
[1,	1,	1,	1,	1,	1,	1,	1,	1,	1],
[1,	1,	1,	1,	1,	1],
[1,	1,	1,	1,	1,	1,	1,	1,	1,	1,	1,	1,	1,	1,	1,	1,	1,	1,	1,	1,	1,	1,	1,	1,	1,	1,	1,	1,	1,	1,	1,	1,	1,	1,	1,	1,	1,	1],
[1,	1,	1,	1,	1,	1,	1,	1,	1,	1,	1,	1,	1,	1,	1,	1,	1,	1,	1,	1,	1,	1,	1,	1,	1,	1,	1,	1,	1,	1,	1,	1,	1,	1,	1,	1,	1],
[1,	1,	1,	1,	1,	1,	1,	1,	1,	1,	1,	1,	1,	1,	1,	1,	1,	1,	1,	1,	1,	1,	1,	1,	1,	1,	1,	1,	1,	1,	1,	1,	1,	1,	1,	1,	1,	1],
[1,	1,	1,	1,	1,	1],
[1,	1,	1,	1,	1,	1,	1,	1],
[1,	1,	1,	1,	1,	1,	1,	1,	1,	1,	1,	1,	1,	1],
[1,	1,	1,	1,	1,	1,	1,	1,	1,	1,	1,	1,	1,	1],
[1,	1,	1,	1,	1,	1,	1,	1],
[1,	1,	1,	1,	1,	1,	1,	1],
[1,	1,	1,	1,	1,	1,	1,	1],
[1,	1,	1,	1,	1,	1,	1,	1,	1,	1,	1,	1],
[1,	1,	1,	1,	1,	1,	1,	1,	1,	1],
[1,	1,	1,	1,	1,	1,	1,	1,	1,	1,	1,	1,	1,	1,	1,	1,	1,	1,	1,	1,	1,	1,	1,	1,	1,	1,	1,	1,	1,	1,	1,	1,	1,	1,	1,	1],
[1,	1,	1,	1,	1,	1,	1,	1],
[1,	1,	1,	1,	1,	1,	1,	1,	1,	1,	1,	1,	1,	1,	1,	1,	1,	1,	1,	1,	1,	1,	1,	1,	1,	1,	1,	1,	1,	1,	1,	1,	1,	1,	1,	1,	1,	1,	1,	1,	1],
[1,	1,	1,	1,	1],
[1,	1,	1,	1,	1,	1,	1,	1,	1],
[1,	1,	1,	1,	1,	1,	1,	1],
[1,	1,	1,	1,	1,	1,	1,	1,	1,	1,	1,	1,	1,	1,	1,	1,	1,	1,	1,	1,	1,	1,	1,	1,	1,	1,	1,	1,	1,	1,	1,	1,	1,	1,	1,	1,	1,	1,	1],
[1,	1,	1,	1,	1,	1,	1,	1],
[1,	1,	1,	1,	1,	1,	1,	1],
[1,	1,	1,	1,	1,	1,	1,	1,	1,	1,	1,	1,	1,	1,	1,	1,	1,	1,	1,	1,	1,	1,	1,	1,	1,	1,	1,	1,	1,	1,	1,	1,	1,	1,	1,	1,	1,	1,	1],
[1,	1,	1,	1,	1,	1,	1],
[1,	1,	1,	1,	1,	1,	1,	1,	1],
[1,	1,	1,	1,	1,	1,	1,	1,	1,	1,	1,	1,	1,	1,	1,	1,	1,	1,	1,	1,	1,	1,	1,	1,	1,	1,	1,	1,	1,	1,	1,	1,	1,	1,	1,	1,	1,	1,	1,	1,	1,	1,	1],
[1,	1,	1,	1,	1,	1,	1,	1,	1,	1],
[1,	1,	1,	1,	1,	1,	1,	1,	1,	1,	1,	1,	1,	1],
[1,	1,	1,	1,	1,	1,	1,	1,	1,	1],
[1,	1,	1,	1,	1,	1],
[1,	1,	1,	1,	1],
[1,	1,	1,	1,	1,	1,	1,	1,	1,	1,	1,	1,	1,	1,	1,	1,	1,	1,	1,	1,	1,	1,	1,	1,	1,	1,	1,	1,	1,	1,	1,	1,	1,	1,	1,	1,	1,	1],
[1,	1,	1,	1,	1,	1,	1,	1],
[],
[1,	1,	1,	1,	1,	1,	1,	1,	1,	1,	1,	1],
[],
[1,	1,	1,	1,	1,	1,	1,	1,	1,	1,	1,	1,	1,	1,	1,	1,	1,	1,	1,	1,	1,	1,	1,	1,	1,	1,	1,	1,	1,	1,	1,	1,	1,	1,	1],
[1,	1,	1,	1,	1,	1,	1,	1,	1,	1,	1],
[1,	1,	1,	1,	1,	1,	1,	1,	1,	1],
[1,	1,	1,	1,	1,	1,	1],
[1,	1,	1,	1,	1,	1,	1,	1,	1,	1,	1,	1,	1,	1,	1,	1,	1,	1,	1,	1,	1,	1,	1,	1,	1,	1,	1,	1,	1,	1,	1,	1,	1,	1,	1,	1,	1,	1],
[1,	1,	1,	1,	1,	1,	1,	1,	1,	1],
[1,	1,	1,	1,	1,	1],
[1,	1,	1,	1,	1,	1,	1,	1,	1,	1,	1,	1,	1,	1,	1,	1,	1,	1,	1,	1,	1,	1,	1,	1,	1,	1,	1,	1,	1,	1,	1,	1,	1,	1,	1,	1],
[1,	1,	1,	1,	1,	1,	1,	1,	1,	1,	1,	1,	1,	1,	1,	1,	1,	1,	1,	1,	1,	1,	1,	1,	1,	1,	1,	1,	1,	1,	1,	1,	1,	1],
[1,	1,	1,	1,	1,	1,	1],
[1,	1,	1,	1],
[1,	1,	1,	1,	1,	1,	1,	1,	1,	1,	1],
[1,	1,	1,	1,	1,	1,	1],
[1,	1,	1,	1,	1,	1,	1,	1,	1,	1,	1,	1,	1,	1,	1,	1,	1,	1,	1,	1,	1,	1,	1,	1,	1,	1,	1,	1,	1,	1,	1,	1,	1,	1],
[1,	1,	1,	1,	1,	1,	1,	1,	1,	1],
[1,	1,	1,	1,	1,	1,	1,	1,	1,	1,	1,	1],
[1,	1,	1,	1,	1,	1,	1,	1,	1,	1,	1],
[1,	1,	1,	1],
[1,	1,	1,	1,	1,	1,	1,	1,	1,	1,	1,	1,	1,	1,	1],
[1,	1,	1,	1,	1,	1,	1,	1,	1],
[1,	1,	1,	1,	1,	1,	1,	1,	1,	1,	1,	1,	1],
[1,	1,	1,	1,	1,	1,	1,	1,	1,	1,	1],
[1,	1,	1,	1,	1,	1,	1,	1,	1,	1,	1,	1,	1,	1,	1],
[1,	1,	1,	1,	1,	1,	1,	1,	1,	1,	1,	1,	1,	1,	1,	1,	1,	1,	1,	1,	1,	1,	1,	1,	1,	1,	1,	1,	1,	1,	1,	1,	1,	1,	1,	1,	1,	1,	1],
[1,	1,	1,	1,	1,	1,	1,	1,	1],
[1,	1,	1,	1,	1,	1,	1,	1,	1,	1],
[1,	1,	1,	1,	1,	1,	1,	1,	1,	1,	1,	1,	1,	1,	1,	1,	1],
[1,	1],
[1,	1,	1,	1,	1,	1,	1,	1],
[1,	1,	1,	1,	1,	1,	1,	1,	1,	1],
[1,	1,	1,	1,	1,	1,	1,	1,	1,	1,	1,	1,	1,	1,	1,	1,	1,	1,	1,	1,	1,	1,	1,	1,	1,	1,	1,	1,	1,	1,	1,	1,	1,	1,	1,	1,	1,	1],
[1,	1,	1,	1,	1,	1,	1,	1,	1,	1,	1,	1,	1,	1,	1,	1],
[],
[1,	1,	1,	1,	1,	1,	1,	1,	1,	1],
[1,	1,	1,	1,	1,	1,	1,	1,	1,	1,	1,	1,	1,	1,	1,	1,	1,	1,	1,	1,	1,	1,	1,	1,	1,	1,	1,	1,	1,	1,	1,	1,	1,	1,	1,	1,	1,	1,	1],
[1,	1,	1,	1,	1,	1,	1,	1,	1,	1,	1,	1,	1],
[1,	1,	1,	1,	1,	1],
[1,	1,	1,	1,	1,	1,	1,	1,	1,	1,	1,	1],
[1,	1,	1,	1,	1,	1,	1,	1,	1,	1,	1,	1,	1,	1,	1,	1,	1,	1,	1,	1,	1,	1,	1,	1,	1,	1,	1,	1,	1,	1,	1,	1,	1,	1,	1,	1,	1,	1,	1,	1,	1,	1],
[1,	1,	1,	1,	1,	1,	1,	1,	1,	1,	1,	1,	1,	1,	1,	1,	1,	1,	1,	1,	1,	1,	1,	1,	1,	1,	1,	1,	1,	1,	1,	1,	1,	1,	1,	1,	1,	1,	1,	1,	1,	1],
[1,	1,	1,	1,	1,	1,	1,	1,	1,	1,	1],
[1,	1,	1,	1,	1,	1,	1],
[1,	1,	1,	1,	1,	1,	1,	1,	1,	1,	1,	1,	1,	1,	1,	1,	1,	1,	1,	1,	1,	1,	1,	1,	1,	1,	1,	1,	1,	1,	1,	1,	1,	1,	1,	1,	1,	1,	1,	1,	1,	1,	1],
[1,	1,	1,	1,	1,	1],
[1,	1,	1,	1,	1,	1,	1,	1,	1,	1,	1,	1,	1,	1,	1,	1,	1,	1,	1,	1,	1,	1,	1,	1,	1,	1,	1,	1,	1,	1,	1,	1,	1,	1,	1,	1,	1],
[1],
[1,	1,	1,	1,	1,	1,	1,	1,	1,	1],
[1,	1,	1,	1,	1,	1,	1,	1,	1,	1,	1,	1,	1,	1,	1,	1,	1,	1,	1,	1,	1,	1,	1,	1,	1,	1,	1,	1,	1,	1,	1,	1,	1,	1,	1,	1,	1,	1],
[1,	1,	1,	1,	1,	1,	1,	1,	1,	1,	1,	1,	1,	1,	1,	1,	1,	1,	1,	1,	1,	1,	1,	1,	1,	1,	1,	1,	1,	1,	1,	1,	1,	1,	1,	1,	1],
[1],
[1,	1,	1,	1,	1,	1,	1,	1,	1,	1,	1,	1,	1,	1,	1,	1,	1,	1,	1,	1,	1,	1,	1,	1,	1,	1,	1,	1,	1,	1,	1,	1,	1,	1,	1,	1,	1],
[1,	1,	1,	1,	1,	1,	1,	1,	1,	1,	1,	1,	1,	1,	1,	1,	1,	1,	1,	1,	1,	1,	1,	1,	1,	1,	1,	1,	1,	1,	1,	1,	1,	1,	1,	1,	1,	1,	1],
[1,	1,	1,	1,	1,	1,	1,	1,	1,	1,	1,	1,	1,	1,	1,	1,	1,	1,	1,	1,	1,	1,	1,	1,	1,	1,	1,	1,	1,	1,	1,	1,	1,	1,	1,	1,	1],
[1,	1,	1,	1,	1,	1,	1],
[1,	1,	1,	1,	1],
[1,	1,	1,	1,	1,	1,	1],
[1,	1,	1,	1,	1,	1,	1,	1,	1,	1,	1,	1,	1,	1,	1,	1,	1,	1,	1,	1,	1,	1,	1,	1,	1,	1,	1,	1,	1,	1,	1,	1,	1,	1,	1,	1,	1,	1,	1,	1,	1,	1,	1,	1],
[1,	1,	1,	1,	1,	1],
[1,	1,	1,	1,	1,	1,	1,	1],
[1,	1,	1,	1,	1,	1,	1,	1,	1,	1,	1,	1,	1],
[1,	1,	1,	1,	1,	1,	1,	1,	1,	1,	1,	1],
[1,	1,	1,	1,	1,	1,	1,	1,	1,	1,	1],
[1,	1,	1,	1,	1,	1,	1,	1,	1,	1],
[1,	1,	1,	1,	1,	1,	1],
[1,	1,	1,	1,	1,	1,	1,	1,	1,	1,	1,	1,	1,	1,	1,	1,	1,	1,	1,	1,	1,	1,	1,	1,	1,	1,	1,	1,	1,	1,	1,	1,	1,	1,	1,	1,	1,	1,	1,	1,	1],
[1,	1,	1,	1,	1,	1,	1,	1,	1,	1,	1,	1],
[1,	1,	1,	1,	1,	1,	1,	1,	1,	1],
[1,	1,	1,	1,	1,	1,	1,	1,	1,	1,	1,	1,	1,	1,	1,	1,	1,	1,	1,	1,	1,	1,	1,	1,	1,	1,	1,	1,	1,	1,	1,	1,	1,	1,	1,	1,	1,	1,	1,	1,	1,	1,	1,	1,	1,	1],
[1,	1,	1,	1,	1,	1,	1],
[1,	1,	1,	1,	1,	1,	1,	1,	1,	1,	1,	1,	1,	1,	1,	1,	1,	1,	1,	1,	1,	1,	1,	1,	1,	1,	1,	1,	1,	1,	1,	1,	1,	1,	1,	1,	1,	1],
[1,	1,	1,	1,	1,	1,	1,	1,	1,	1],
[1,	1,	1,	1,	1,	1,	1,	1,	1,	1,	1,	1],
[1,	1,	1,	1,	1,	1,	1,	1,	1,	1,	1,	1,	1,	1],
[1,	1,	1,	1,	1,	1,	1,	1,	1,	1,	1,	1,	1,	1,	1,	1,	1,	1,	1,	1,	1,	1,	1,	1,	1,	1,	1,	1,	1,	1,	1,	1,	1,	1,	1,	1,	1,	1,	1,	1,	1,	1,	1,	1,	1],
[],
[],
[1,	1,	1,	1,	1,	1,	1,	1,	1,	1,	1],
[1],
[1,	1,	1,	1,	1,	1,	1,	1,	1,	1,	1,	1,	1],
[1,	1,	1,	1,	1,	1,	1,	1,	1,	1,	1,	1,	1,	1,	1,	1,	1,	1,	1,	1,	1,	1,	1,	1,	1,	1,	1,	1,	1,	1,	1,	1,	1],
[1,	1,	1,	1,	1,	1,	1,	1,	1],
[1,	1,	1,	1,	1,	1,	1,	1,	1,	1,	1,	1,	1],
[1,	1,	1,	1,	1,	1,	1,	1,	1,	1,	1,	1,	1,	1,	1,	1,	1,	1,	1,	1,	1,	1,	1,	1,	1,	1,	1,	1,	1,	1,	1,	1,	1,	1,	1,	1],
[1,	1,	1,	1,	1],
[1,	1,	1,	1,	1,	1,	1,	1,	1,	1,	1,	1,	1],
[1,	1,	1,	1,	1,	1,	1,	1,	1,	1,	1,	1,	1,	1,	1,	1,	1,	1,	1,	1,	1,	1,	1,	1,	1,	1,	1,	1,	1,	1,	1,	1,	1],
[1,	1,	1,	1,	1,	1,	1,	1,	1,	1,	1,	1,	1,	1,	1,	1,	1,	1,	1,	1,	1,	1,	1,	1,	1,	1,	1,	1,	1,	1,	1,	1,	1,	1,	1,	1,	1,	1],
[1,	1,	1,	1,	1,	1,	1,	1,	1,	1,	1,	1,	1,	1,	1,	1,	1,	1,	1,	1,	1,	1,	1,	1,	1,	1,	1,	1,	1,	1,	1,	1,	1,	1,	1,	1,	1,	1,	1,	1,	1],
[1,	1,	1,	1,	1,	1,	1,	1,	1,	1,	1,	1],
[1,	1,	1,	1,	1,	1,	1,	1,	1,	1,	1,	1,	1,	1,	1,	1,	1],
[1,	1,	1,	1,	1,	1,	1,	1,	1,	1,	1,	1,	1,	1,	1,	1,	1,	1,	1,	1,	1,	1,	1,	1,	1,	1,	1,	1,	1,	1,	1,	1,	1,	1,	1,	1],
[1,	1,	1,	1,	1,	1],
[1,	1,	1,	1,	1,	1,	1,	1],
[1,	1,	1,	1],
[1,	1,	1,	1,	1,	1,	1,	1,	1,	1,	1,	1,	1,	1,	1,	1,	1,	1,	1,	1,	1,	1,	1,	1,	1,	1,	1,	1,	1,	1,	1,	1,	1,	1,	1,	1,	1,	1,	1,	1,	1,	1,	1,	1],
[1,	1,	1,	1,	1,	1,	1,	1,	1,	1,	1,	1,	1,	1,	1,	1,	1,	1,	1,	1,	1,	1,	1,	1,	1,	1,	1,	1,	1,	1,	1,	1,	1,	1,	1,	1,	1],
[1,	1],
[1,	1,	1,	1,	1,	1,	1,	1,	1,	1,	1],
[1,	1,	1,	1,	1],
[1,	1,	1,	1,	1,	1,	1,	1,	1,	1,	1,	1,	1,	1],
[1,	1,	1,	1,	1,	1,	1,	1,	1,	1,	1],
[1,	1,	1,	1,	1,	1,	1,	1,	1,	1,	1,	1,	1],
[1,	1,	1,	1,	1,	1,	1,	1,	1],
[1,	1,	1,	1,	1,	1,	1,	1],
[1,	1,	1,	1,	1],
[1,	1,	1,	1,	1,	1,	1,	1,	1,	1,	1,	1,	1,	1],
[1,	1,	1,	1,	1,	1,	1],
[1,	1,	1,	1,	1,	1,	1],
[1,	1,	1,	1,	1,	1,	1,	1,	1,	1,	1,	1,	1,	1,	1,	1,	1,	1,	1,	1,	1,	1,	1,	1,	1,	1,	1,	1,	1,	1],
[1,	1,	1,	1,	1,	1,	1,	1,	1,	1,	1],
[1,	1,	1,	1,	1,	1,	1,	1,	1,	1,	1,	1,	1,	1,	1,	1,	1,	1,	1,	1,	1,	1,	1,	1,	1,	1,	1,	1,	1,	1,	1,	1],
[1,	1,	1,	1,	1,	1,	1,	1],
[1,	1,	1,	1,	1,	1,	1],
[1,	1,	1,	1,	1,	1,	1,	1,	1,	1,	1,	1,	1,	1,	1,	1,	1,	1,	1,	1,	1,	1,	1,	1,	1,	1,	1,	1,	1,	1,	1,	1,	1,	1,	1,	1,	1,	1,	1],
[1,	1,	1,	1,	1,	1,	1,	1,	1,	1,	1],
[1,	1,	1,	1,	1,	1,	1,	1],
[1,	1,	1,	1,	1,	1,	1,	1,	1,	1],
[1,	1,	1,	1,	1,	1,	1,	1,	1,	1,	1,	1,	1,	1,	1,	1,	1,	1,	1,	1,	1,	1,	1,	1,	1,	1,	1,	1,	1,	1,	1,	1,	1],
[1,	1,	1,	1,	1,	1,	1,	1,	1,	1],
[1,	1,	1,	1,	1,	1,	1,	1,	1,	1,	1,	1,	1,	1,	1,	1,	1,	1,	1,	1,	1,	1,	1,	1,	1,	1,	1,	1,	1,	1,	1,	1,	1,	1,	1,	1,	1],
[],
[1,	1,	1,	1,	1,	1],
[1,	1,	1,	1,	1,	1,	1,	1,	1,	1,	1,	1,	1,	1,	1,	1,	1,	1,	1,	1,	1,	1,	1,	1,	1,	1,	1,	1,	1,	1,	1,	1,	1,	1,	1,	1,	1,	1,	1,	1],
[1,	1,	1,	1,	1,	1],
[1,	1,	1,	1,	1,	1,	1,	1,	1,	1,	1,	1,	1,	1,	1,	1,	1,	1,	1,	1,	1,	1,	1,	1,	1,	1,	1,	1,	1,	1,	1,	1,	1,	1,	1,	1,	1,	1,	1,	1,	1,	1,	1,	1],
[1,	1,	1,	1,	1],
[],
[1,	1,	1,	1,	1,	1,	1],
[1,	1,	1],
[1,	1,	1,	1,	1,	1,	1,	1,	1,	1,	1,	1,	1],
[1,	1,	1,	1,	1,	1,	1,	1,	1,	1,	1],
[1,	1,	1,	1,	1,	1,	1,	1,	1,	1,	1,	1,	1,	1,	1,	1,	1,	1,	1,	1,	1,	1,	1,	1,	1,	1,	1,	1,	1,	1,	1,	1,	1,	1,	1],
[1,	1,	1,	1,	1,	1,	1,	1,	1,	1,	1,	1,	1,	1,	1,	1,	1,	1,	1,	1,	1,	1,	1,	1,	1,	1,	1,	1,	1,	1,	1,	1,	1,	1,	1,	1,	1,	1,	1,	1,	1],
[1,	1,	1,	1,	1,	1,	1,	1,	1,	1,	1,	1,	1,	1,	1,	1,	1,	1,	1,	1,	1,	1,	1,	1,	1,	1,	1,	1,	1,	1,	1,	1,	1,	1,	1,	1,	1,	1,	1,	1,	1,	1,	1,	1,	1,	1,	1],
[1,	1,	1,	1,	1,	1,	1,	1,	1,	1,	1,	1,	1,	1],
[1,	1,	1,	1,	1,	1,	1,	1,	1,	1,	1],
[],
[1,	1,	1,	1,	1],
[1,	1,	1,	1,	1,	1,	1,	1,	1,	1,	1,	1,	1,	1,	1,	1,	1,	1,	1,	1,	1,	1,	1,	1,	1,	1,	1,	1,	1,	1,	1,	1,	1,	1,	1,	1,	1,	1,	1,	1,	1,	1,	1,	1,	1,	1,	1,	1,	1],
[1,	1,	1,	1,	1],
[1,	1,	1,	1,	1,	1,	1,	1,	1],
[1,	1,	1,	1,	1,	1,	1,	1],
[1,	1,	1,	1,	1,	1,	1,	1,	1,	1,	1,	1],
[1,	1,	1,	1],
[1,	1,	1,	1,	1,	1,	1],
[1,	1,	1,	1,	1,	1,	1,	1],
[1,	1,	1,	1,	1,	1,	1,	1,	1],
[1,	1,	1,	1,	1,	1,	1,	1,	1,	1],
[1,	1,	1,	1,	1,	1,	1,	1,	1,	1,	1,	1,	1,	1,	1,	1,	1,	1,	1,	1,	1,	1,	1,	1,	1,	1,	1,	1,	1,	1,	1,	1,	1,	1,	1,	1,	1,	1,	1],
[1,	1,	1,	1,	1],
[1,	1,	1,	1,	1,	1,	1,	1],
[1,	1,	1,	1,	1,	1,	1,	1,	1,	1,	1,	1,	1,	1,	1,	1,	1,	1,	1,	1,	1,	1,	1,	1,	1,	1,	1,	1,	1,	1,	1,	1,	1,	1,	1,	1,	1,	1,	1,	1,	1],
[1,	1,	1,	1,	1,	1,	1,	1,	1,	1,	1,	1,	1,	1,	1,	1,	1,	1,	1,	1,	1,	1,	1,	1,	1,	1,	1],
[1,	1,	1,	1,	1,	1,	1],
[1,	1,	1,	1,	1,	1,	1,	1,	1,	1,	1,	1,	1,	1,	1,	1],
[1,	1,	1,	1,	1,	1,	1,	1,	1],
[1,	1,	1,	1,	1,	1,	1,	1,	1,	1,	1,	1,	1,	1,	1,	1,	1,	1,	1,	1,	1,	1,	1,	1,	1,	1,	1,	1,	1,	1,	1,	1,	1,	1,	1,	1,	1,	1,	1,	1],
[1,	1,	1,	1,	1,	1,	1,	1,	1,	1,	1,	1,	1,	1,	1,	1,	1,	1,	1,	1,	1,	1,	1,	1,	1,	1,	1,	1,	1,	1,	1,	1,	1,	1,	1],
[1,	1,	1,	1,	1,	1,	1,	1,	1],
[1,	1,	1,	1,	1,	1,	1,	1,	1,	1,	1,	1,	1,	1,	1,	1,	1],
[1,	1,	1,	1,	1,	1,	1,	1],
[1,	1,	1,	1,	1,	1,	1,	1,	1,	1,	1],
[1,	1,	1,	1,	1,	1],
[1,	1,	1,	1,	1,	1,	1,	1,	1,	1],
[1,	1,	1,	1,	1,	1,	1,	1,	1,	1],
[1,	1,	1,	1,	1,	1,	1,	1,	1,	1,	1],
[1,	1,	1,	1,	1,	1,	1,	1],
[1,	1,	1,	1,	1,	1,	1,	1,	1,	1,	1,	1,	1,	1,	1,	1,	1,	1,	1,	1,	1,	1,	1,	1,	1,	1,	1,	1,	1,	1,	1,	1,	1,	1,	1,	1,	1,	1],
[1,	1,	1,	1,	1,	1,	1,	1,	1,	1],
[1,	1,	1,	1],
[1,	1,	1,	1],
[1,	1,	1,	1,	1,	1,	1],
[1,	1,	1,	1,	1],
[1,	1,	1,	1,	1,	1,	1,	1,	1,	1,	1,	1,	1,	1,	1],
[1,	1,	1,	1,	1,	1,	1,	1,	1,	1,	1,	1,	1,	1,	1,	1,	1,	1,	1,	1,	1,	1,	1,	1,	1,	1,	1,	1,	1,	1,	1,	1,	1,	1,	1,	1,	1,	1,	1],
[1,	1,	1,	1,	1,	1,	1,	1],
[1,	1,	1,	1,	1,	1,	1,	1],
[1,	1,	1,	1,	1,	1,	1],
[1,	1,	1,	1,	1],
[1,	1,	1,	1,	1,	1,	1,	1,	1,	1,	1,	1,	1,	1,	1,	1,	1,	1,	1,	1,	1,	1,	1,	1,	1,	1,	1,	1,	1,	1,	1,	1,	1],
[1,	1,	1,	1,	1,	1,	1,	1,	1,	1,	1,	1,	1,	1,	1,	1,	1,	1,	1],
[1,	1,	1,	1,	1,	1,	1,	1,	1,	1,	1,	1,	1,	1,	1,	1,	1,	1,	1,	1,	1,	1,	1,	1,	1,	1,	1,	1,	1],
[1,	1,	1,	1,	1,	1,	1,	1,	1,	1,	1,	1,	1,	1,	1,	1,	1,	1,	1,	1,	1,	1],
[1,	1,	1,	1,	1,	1,	1,	1,	1,	1,	1,	1,	1,	1,	1,	1,	1,	1,	1,	1,	1,	1,	1,	1,	1,	1,	1,	1,	1,	1,	1,	1],
[1,	1,	1,	1,	1,	1,	1,	1,	1,	1,	1,	1,	1,	1,	1,	1,	1,	1,	1,	1,	1,	1,	1,	1,	1,	1,	1,	1,	1,	1,	1,	1,	1,	1,	1,	1,	1],
[1,	1,	1,	1,	1,	1,	1,	1,	1,	1,	1,	1,	1,	1,	1,	1,	1,	1,	1,	1,	1,	1,	1,	1,	1,	1,	1,	1,	1,	1,	1,	1,	1,	1,	1],
[1,	1,	1,	1,	1,	1,	1,	1,	1,	1,	1,	1,	1,	1,	1,	1,	1,	1,	1,	1,	1,	1,	1,	1,	1,	1,	1,	1,	1,	1,	1],
[1,	1,	1,	1,	1,	1,	1,	1,	1,	1,	1,	1,	1,	1,	1,	1,	1,	1,	1,	1,	1,	1,	1,	1,	1,	1,	1],
[1,	1,	1,	1,	1,	1,	1,	1,	1,	1,	1,	1,	1,	1,	1,	1,	1,	1,	1,	1,	1,	1,	1,	1,	1,	1,	1,	1],
[1,	1,	1,	1,	1,	1,	1,	1,	1,	1,	1,	1,	1,	1,	1,	1,	1,	1,	1,	1,	1,	1,	1,	1,	1],
[1,	1,	1,	1,	1,	1,	1,	1,	1,	1,	1,	1,	1,	1,	1,	1,	1,	1,	1,	1,	1,	1,	1,	1,	1],
[1,	1,	1,	1,	1,	1,	1,	1,	1,	1,	1,	1,	1,	1,	1,	1,	1,	1,	1,	1,	1,	1,	1,	1,	1,	1,	1],
[1,	1,	1,	1,	1,	1,	1,	1,	1,	1,	1,	1,	1,	1,	1,	1,	1,	1,	1,	1,	1,	1],
[1,	1,	1,	1,	1,	1,	1,	1,	1,	1,	1,	1,	1,	1,	1,	1,	1,	1,	1,	1],
[1,	1,	1,	1,	1,	1,	1,	1,	1,	1,	1,	1,	1,	1,	1,	1,	1,	1,	1,	1,	1,	1,	1,	1,	1,	1,	1,	1,	1,	1,	1,	1,	1,	1],
[1,	1,	1,	1,	1,	1,	1,	1,	1,	1,	1,	1,	1,	1,	1,	1,	1,	1,	1,	1,	1,	1,	1,	1,	1,	1,	1,	1,	1,	1],
[1,	1,	1,	1,	1,	1,	1,	1,	1,	1,	1,	1,	1,	1,	1,	1,	1,	1,	1,	1,	1,	1,	1,	1,	1,	1,	1,	1,	1,	1,	1,	1,	1,	1],
[1,	1,	1,	1,	1,	1,	1,	1,	1,	1,	1,	1,	1,	1,	1,	1,	1,	1,	1,	1,	1],
[1,	1,	1,	1,	1,	1,	1,	1,	1,	1,	1,	1,	1,	1,	1,	1,	1,	1,	1,	1,	1,	1,	1,	1,	1,	1,	1,	1,	1],
[1,	1,	1,	1,	1,	1,	1,	1,	1,	1,	1,	1,	1,	1,	1,	1,	1,	1,	1,	1,	1,	1,	1,	1,	1,	1],
[1,	1,	1,	1,	1,	1,	1,	1,	1,	1,	1,	1,	1,	1,	1,	1,	1,	1,	1],
[1,	1,	1,	1,	1,	1,	1,	1,	1,	1,	1,	1,	1,	1,	1,	1,	1,	1,	1,	1,	1,	1,	1,	1,	1],
[1,	1,	1,	1,	1,	1,	1,	1,	1,	1,	1,	1,	1,	1,	1,	1,	1,	1,	1,	1,	1,	1,	1,	1,	1,	1,	1],
[1,	1,	1,	1,	1,	1,	1,	1,	1,	1,	1,	1,	1,	1,	1,	1,	1,	1,	1,	1,	1,	1,	1,	1,	1,	1,	1]]
[1,	0,	1,	0,	0,	0,	1,	1,	1,	1,	1,	1,	1,	0,	1,	1,	1,	1,	0,	1,	1,	1,	1,	1,	0,	1,	1,	1,	1,	1,	0,	1,	0,	1,	1,	1,	0,	1,	1,	0,	0,	0,	0,	1,	1,	1,	1,	1,	0,	1,	1,	0,	1,	1,	0,	1,	0,	1,	0,	0,	1,	1,	1,	0,	0,	1,	1,	1,	1,	0,	1,	1,	1,	1,	1,	1,	1,	1,	0,	0,	1,	1,	1,	1,	0,	1,	0,	1,	0,	1,	1,	0,	1,	1,	1,	1,	0,	1,	1,	0,	1,	1,	1,	0,	1,	1,	0,	1,	0,	1,	1,	1,	1,	1,	0,	1,	0,	1,	0,	0,	1,	1,	1,	1,	1,	1,	1,	0,	1,	0,	1,	0,	0,	0,	1,	1,	1,	1,	1,	0,	1,	1,	1,	1,	0,	0,	1,	1,	1,	0,	1,	1,	1,	0,	1,	0,	0,	1,	1,	1,	1,	0,	1,	0,	0,	1,	1,	1,	1,	1,	0,	1,	1,	1,	1,	1,	1,	0,	1,	0,	0,	0,	1,	1,	0,	1,	0,	0,	1,	1,	1,	0,	0,	1,	1,	1,	0,	0,	1,	0,	1,	1,	1,	1,	0,	1,	0,	0,	1,	1,	1,	1,	1,	0,	1,	1,	1,	0,	1,	1,	1,	0,	1,	1,	1,	1,	1,	0,	1,	1,	0,	1,	1,	0,	0,	1,	1,	0,	1,	1,	1,	1,	1,	1,	1,	1,	1,	1,	0,	1,	0,	0,	1,	1,	0,	0]