294	38	256	5294
[[40,	199,	84,	115,	237,	236,	24,	95,	131,	214,	45,	157,	155,	189,	141,	35,	135,	121,	202,	126,	116,	168,	3,	254,	211,	85,	186,	182,	143,	38,	119,	130,	222,	96,	107,	127,	169,	104,	61,	167,	229,	49,	125,	137,	51,	219,	71],
[255,	196,	40,	37,	49,	155],
[94,	190,	40,	81,	229],
[255,	20,	155,	94,	40,	49,	81],
[130,	40,	134,	119,	202,	26,	222,	137,	94,	120,	96,	115,	157],
[119,	94,	84,	126,	2,	130,	115,	163,	40,	26,	137,	131,	96],
[130,	137,	84,	119,	202,	200,	173,	170,	115,	26,	40],
[170,	241,	95,	125,	20,	202,	135,	214,	167,	85,	126,	33,	116,	104,	168,	49,	182,	206,	130,	236,	71,	3,	189,	96,	219,	222,	40,	51,	34,	24,	115,	121,	169,	113,	119,	199,	229,	61,	107,	100],
[63,	155,	180,	229],
[219,	208,	35,	83,	53,	125,	40,	141,	3,	49,	121,	51,	143,	206,	202,	188,	137,	104,	86,	229,	254,	56,	50,	113,	61,	84,	189,	168,	134,	211,	38,	127,	33,	200,	235,	214,	96,	107,	115,	119,	199,	237,	94,	167,	80],
[119,	96,	202,	170,	40,	130,	222,	116,	115],
[155,	40,	81,	229,	255],
[76,	235,	107,	241,	26,	96,	40,	119,	207,	219,	3,	94,	116,	140,	126,	38,	71,	104,	189,	236,	131,	255,	51,	206,	222,	182,	135,	125,	138,	85,	115,	229,	2,	127,	188,	169,	113,	137,	208,	157,	134,	254,	61,	121,	33,	56,	202],
[127,	86,	34,	237,	81,	157,	182,	189,	214,	229,	45,	104,	174,	31,	254,	40,	235,	211,	51,	53,	255,	49,	222,	107,	219,	3,	137,	71,	115,	96,	236,	134,	113,	170,	135,	119,	85,	8,	143,	56,	126,	38,	33,	206,	202,	121,	61,	199,	169,	208,	94],
[134,	77,	200,	94,	84,	80,	119,	126,	137,	40,	67,	173,	26],
[135,	189,	219,	137,	141,	229,	202,	61,	85,	24,	139,	104,	3,	35,	211,	214,	33,	96,	51,	241,	157,	199,	113,	115,	169,	208,	63,	126,	40,	86,	38,	119,	71,	206,	236,	76,	222,	56,	235,	215,	32,	127,	167,	182,	34],
[40,	229,	81],
[40],
[155,	40,	255,	229],
[180,	241,	143,	31,	38,	199,	211,	214,	53,	104,	40,	130,	33,	255,	169,	127,	202,	116,	34,	3,	49,	61,	188,	115,	71,	137,	96,	26,	208,	254,	107,	219,	189,	182,	236,	134,	229,	168,	141],
[173,	157,	115,	202,	26,	126,	137,	119],
[255,	229,	40,	209,	155],
[157,	170,	84,	130,	202,	115,	96,	163],
[40],
[81,	49,	255],
[211,	71,	237,	137,	135,	104,	189,	202,	169,	254,	34,	255,	182,	38,	81,	51,	199,	119,	49,	121,	141,	188,	125,	208,	167,	212,	115,	127,	157,	61,	235,	134,	56,	219,	113,	96,	31,	229,	170,	143,	35,	85,	3,	131,	5,	126,	129,	214],
[51,	116,	255,	206,	136,	237,	241,	141,	182,	222,	119,	188,	168,	43,	254,	100,	155,	199,	121,	34,	211,	246,	208,	107,	3,	81,	229,	187,	33,	135,	61,	167,	38,	219,	193,	115,	126,	169,	235,	143,	86,	85,	71,	113],
[131,	202,	150,	134,	115,	26,	137,	96,	30,	119,	40,	116,	126],
[236,	121,	232,	71,	69,	224,	56,	99,	188,	143,	48,	107,	96,	119,	199,	182,	157,	137,	208,	235,	85,	169,	53,	168,	202,	155,	241,	115,	237,	81,	206,	38,	113,	24,	135,	254,	51,	61,	221],
[40,	255,	221,	81],
[255,	81,	101,	229,	40,	155,	48],
[135,	40,	26,	137,	189,	113,	95,	104,	213,	51,	61,	96,	56,	49,	141,	188,	116,	222,	236,	255,	168,	202,	182,	254,	199,	229,	167,	35,	93,	208,	71,	155,	214,	3,	31,	119,	121,	130,	143,	84,	127,	24,	34,	115,	169,	219],
[96,	134,	202,	40,	137,	126,	116,	26,	119,	115],
[96,	222,	130,	116,	84,	126,	40,	137,	202,	157,	119,	26],
[202,	119,	115,	40,	26,	222,	130],
[96,	26,	115,	94,	137,	119,	84,	126,	40,	116],
[96,	30,	115,	130,	40,	202,	20,	116,	170,	120,	84],
[255,	155,	49,	36,	40],
[40],
[119,	134,	157,	115,	137,	202],
[126,	96,	116,	119,	40,	134,	26,	115,	137,	130],
[170,	126,	131,	96,	202,	134,	115,	40,	84,	212,	222,	94,	119,	157,	26],
[77,	119,	84,	202,	96,	157,	40,	130,	115],
[126,	116,	96,	202,	119,	115,	26],
[40,	94,	155],
[36,	155,	229,	40],
[137,	119,	40,	96,	157,	115,	202,	26,	116],
[200,	116,	137,	40,	131,	222,	115,	89,	94,	202,	130],
[127,	45,	137,	208,	71,	237,	130,	210,	116,	86,	141,	107,	24,	34,	241,	168,	143,	202,	81,	189,	254,	135,	255,	125,	31,	61,	151,	182,	38,	119,	248,	96,	33,	53,	35,	115,	167,	51,	222,	206,	229,	169,	249,	84,	26,	40],
[94,	49,	155,	229,	40,	255],
[67,	115,	89,	94,	126,	200,	84,	26,	40,	116,	130,	137],
[137,	40,	130,	27,	202,	94],
[94],
[40,	170,	137,	26,	116,	157,	115,	247,	20,	27,	119],
[119,	137,	26,	96,	94,	130,	134,	126,	40,	202],
[40,	49,	229],
[26,	130,	157,	119,	134,	202,	96,	170,	115],
[81,	94,	155,	229,	40],
[24,	135,	116,	126,	237,	107,	61,	31,	235,	188,	137,	254,	130,	154,	102,	85,	202,	119,	167,	229,	125,	113,	134,	3,	222,	206,	25,	97,	170,	199,	34,	143,	174,	84,	219,	51,	189,	71,	68,	112,	168,	38,	96,	99,	155,	255,	86],
[84,	170,	40,	94,	222,	157,	137,	96,	116,	115,	119,	202],
[113,	126,	249,	219,	189,	174,	53,	81,	222,	127,	38,	241,	157,	31,	224,	237,	125,	85,	214,	141,	40,	109,	121,	199,	34,	182,	235,	168,	188,	254,	169,	143,	208,	236,	206,	35,	119,	202,	71,	33,	227,	167,	229,	49,	104],
[157,	163,	26,	119,	134,	115,	40,	94,	126,	116,	200,	84,	96],
[127,	222,	206,	69,	81,	169,	56,	231,	31,	61,	214,	28,	3,	104,	116,	155,	96,	235,	137,	208,	38,	51,	46,	237,	9,	168,	125,	143,	126,	189,	113,	94,	115,	219,	202,	84,	166,	211,	255,	182,	86,	161,	71,	107,	85,	167,	34],
[26,	27,	40,	116,	130,	80,	202,	134,	96,	115],
[237,	134,	202,	81,	206,	211,	24,	223,	143,	33,	104,	125,	250,	31,	61,	254,	222,	236,	15,	121,	94,	35,	71,	135,	85,	40,	170,	27,	168,	141,	179,	107,	113,	116,	127,	119,	255,	243,	229,	182,	3,	51,	208,	214,	169,	157],
[53,	143,	235,	34,	208,	185,	126,	57,	107,	55,	211,	199,	81,	135,	40,	219,	155,	131,	238,	86,	119,	115,	125,	3,	174,	61,	84,	254,	137,	236,	206,	31,	95,	96,	33,	127,	169,	56,	241,	121,	182,	51,	202,	188,	9,	214,	113,	255,	229,	130,	35,	237],
[222,	211,	128,	202,	104,	241,	71,	204,	235,	141,	182,	107,	38,	136,	96,	229,	84,	214,	3,	137,	61,	24,	34,	199,	26,	121,	124,	244,	188,	167,	35,	219,	52,	87,	255,	31,	56,	135,	40,	81,	168,	85,	189,	169],
[20,	40],
[49,	40,	155,	81,	20],
[94,	49,	255,	40,	155],
[170,	84,	96,	40,	150,	137,	222,	130,	202,	134,	126,	94],
[137,	119,	173,	126,	116,	84,	26,	202,	77,	40,	20,	130,	94,	96],
[168,	61,	182,	86,	189,	112,	104,	121,	214,	31,	222,	229,	130,	34,	33,	115,	56,	219,	85,	116,	157,	143,	71,	235,	199,	119,	141,	167,	107,	35,	51,	87,	135,	202,	127,	125,	206,	236,	169,	81,	24],
[141,	162,	157,	31,	222,	219,	168,	107,	127,	119,	130,	182,	143,	40,	235,	255,	56,	137,	45,	208,	115,	237,	96,	169,	51,	34,	167,	202,	155,	33,	190,	211,	71,	53,	81,	104,	84,	135,	170,	14,	189,	199,	61],
[202,	115,	222,	134,	170,	119,	96,	40,	84],
[96,	94,	26,	119,	115,	134,	137,	40,	157,	130,	116],
[155,	229,	49],
[119,	96,	157,	19,	137,	84,	40],
[210,	116,	222,	40,	134,	202,	115],
[155,	40,	229,	94],
[24,	170,	189,	135,	3,	229,	34,	56,	254,	143,	127,	181,	199,	169,	134,	168,	255,	61,	40,	222,	152,	99,	119,	188,	223,	190,	206,	33,	117,	155,	53,	121,	208,	200,	125,	38,	102,	182,	219,	71,	228,	94,	96,	167],
[137,	96,	26,	94,	116,	84,	119,	115,	202,	40],
[130,	115,	134,	119,	26,	40,	94,	157,	116,	200],
[115,	202,	157,	170,	40,	119,	134,	130,	26,	96,	94,	126],
[157,	115,	40,	126,	119,	84,	202,	137],
[222,	130,	115,	26,	137,	119,	126,	84],
[229,	49,	81,	40,	255],
[121,	141,	125,	167,	208,	189,	84,	26,	33,	71,	104,	127,	115,	113,	53,	251,	107,	134,	86,	219,	143,	188,	229,	206,	49,	35,	81,	34,	126,	94,	51,	38,	40,	122,	222,	96,	237,	112,	85,	157,	211,	24,	255,	137,	139,	241,	169,	1,	135,	56,	3,	199],
[155,	255,	221,	94,	81],
[202,	120,	84,	116,	119,	115,	210,	40,	27,	170,	134,	222],
[26,	170,	115,	202,	157,	84,	119,	40,	222,	96,	116],
[94,	229,	81,	155,	49],
[115,	116,	202,	96,	170,	137,	26,	130,	134,	119],
[40,	49,	204,	229,	255],
[49,	40,	139,	229,	81,	32],
[255,	155,	94],
[40,	52,	81,	155],
[49,	229,	155,	40,	81],
[40,	81,	229,	49,	155],
[229,	49,	155,	40,	255],
[180,	168,	113,	71,	61,	169,	229,	158,	121,	237,	141,	38,	189,	135,	56,	107,	214,	170,	200,	235,	34,	86,	104,	187,	126,	40,	51,	143,	26,	222,	234,	127,	188,	167,	241,	199,	236,	206,	49,	33,	174,	226,	211,	254,	130,	3,	208,	24,	202,	119],
[49,	40,	255,	81,	229],
[222,	131,	115,	202,	19,	26,	40,	126,	119,	96,	116],
[115,	137,	40,	202,	126,	116,	118,	96,	157],
[96,	119,	116,	202,	30,	137,	170,	200,	26],
[134,	229,	119,	202,	126,	61,	199,	211,	85,	53,	94,	33,	96,	220,	127,	49,	237,	125,	208,	254,	26,	40,	137,	141,	232,	71,	3,	167,	222,	55,	182,	38,	235,	104,	219,	107,	189,	143,	201,	115,	34,	130,	81],
[126,	26,	130,	96,	40,	115,	119,	137,	202],
[40,	96,	202,	119,	134,	115,	157,	130,	116,	137],
[40,	94,	255,	229,	155,	49],
[26,	94,	116,	157,	119,	96,	202,	130,	115,	170],
[170,	96,	119,	126,	40,	26,	200,	202,	222,	115],
[169,	182,	127,	235,	113,	47,	130,	188,	148,	107,	33,	50,	56,	96,	219,	75,	199,	31,	116,	143,	236,	155,	49,	211,	24,	34,	104,	40,	81,	38,	206,	141,	229,	189,	208,	3,	51,	115,	245,	202,	154,	228,	125,	167,	200,	254,	71],
[130,	222,	38,	119,	127,	137,	206,	96,	229,	125,	236,	219,	8,	199,	3,	18,	51,	115,	237,	31,	86,	134,	40,	135,	24,	214,	17,	53,	157,	189,	121,	141,	169,	202,	126,	116,	34,	168,	188,	26,	254,	211,	182,	143,	1,	167],
[135,	24,	214,	207,	107,	61,	104,	182,	137,	143,	26,	38,	127,	241,	53,	155,	167,	157,	75,	211,	199,	236,	115,	206,	84,	255,	3,	40,	254,	125,	96,	134,	219,	119,	202,	189,	31,	169,	229,	33,	237,	85],
[81,	155,	94,	255],
[229,	94,	49,	40,	81],
[241,	168,	3,	223,	49,	99,	34,	127,	208,	97,	143,	61,	38,	94,	254,	115,	219,	237,	206,	222,	85,	167,	24,	135,	170,	35,	51,	27,	56,	189,	50,	182,	113,	33,	235,	155,	207,	119,	229,	202,	26,	86,	134,	211,	214,	126,	209,	199],
[40],
[24,	113,	49,	188,	3,	167,	115,	61,	214,	229,	107,	206,	130,	127,	189,	141,	125,	33,	31,	52,	250,	86,	202,	182,	116,	51,	134,	155,	170,	236,	104,	211,	35,	254,	168,	38,	199,	103,	56,	121,	71,	219,	241,	193,	235,	26,	96],
[61,	195,	208,	235,	155,	86,	219,	51,	104,	53,	237,	115,	189,	34,	167,	141,	157,	3,	222,	169,	130,	85,	107,	127,	206,	229,	33,	26,	40,	199,	116,	241,	211,	38],
[229,	255,	40],
[155,	255,	40,	81,	94,	37,	229],
[229,	40,	255,	48,	155],
[155,	229,	40,	142,	255],
[255,	155,	229],
[40,	229,	94,	81,	255],
[222,	115,	26,	202,	119,	170,	84,	94,	96,	40,	116,	137],
[137,	115,	96,	40,	116,	126,	134,	202,	150,	119,	130,	62],
[40,	77,	115,	101,	137,	96,	196,	116,	126,	120,	247],
[229,	155,	49],
[229,	40,	255,	195,	49],
[125,	26,	219,	121,	38,	96,	85,	53,	235,	134,	119,	34,	51,	130,	155,	56,	168,	87,	208,	169,	206,	21,	182,	141,	211,	137,	126,	189,	229,	104,	135,	33,	236,	31,	255,	237,	40,	71,	167,	115,	107,	61,	199,	202],
[170,	137,	40,	116,	222,	26,	96,	115,	202,	119],
[229,	155,	40,	255,	94,	49],
[40],
[40],
[49,	40,	229],
[119,	134,	202,	94,	96,	26,	130],
[130,	84,	134,	119,	115,	40,	26,	200,	137,	131,	196,	202,	116,	96,	222],
[116,	222,	202,	137,	126,	119,	115,	84,	94,	40],
[40,	20],
[227,	202,	84,	134,	116,	119],
[26,	20,	202,	119,	40,	116,	96,	222,	130],
[255,	229,	40,	155,	248],
[130,	96,	26,	40,	116,	118,	84,	115,	202,	119,	150],
[155,	40,	94,	176,	255,	229],
[229,	81,	40,	155,	63],
[116,	101,	134,	40,	186,	202,	119,	26,	96,	115,	137,	84],
[94,	255,	81,	20,	40],
[26,	40,	115,	134,	137,	96,	116,	119,	202,	130,	126,	109,	94],
[116,	119,	134,	222,	170,	137,	130,	115,	96,	40,	202,	123,	150],
[81,	94,	155,	40,	229],
[170,	126,	134,	137,	119,	40,	115,	202,	96,	26],
[120,	84,	130,	157,	202,	26,	96,	115,	126],
[214,	134,	132,	190,	251,	206,	56,	188,	121,	208,	104,	34,	21,	125,	107,	127,	115,	167,	202,	119,	219,	182,	40,	231,	169,	241,	135,	235,	157,	53,	38,	71,	254,	96,	237,	229,	51,	199,	143,	24,	168],
[126,	119,	163,	202,	96,	137,	130,	157,	26,	116,	40],
[36,	176,	229,	94],
[116,	40,	26,	115,	202,	119,	131,	97,	96],
[115,	97,	96,	84,	130,	40,	202,	119,	170,	222],
[137,	120,	134,	170,	115,	96,	94,	202,	26,	84,	131,	40],
[130,	126,	67,	116,	202,	84,	96,	115,	119,	40,	137],
[229,	255,	49,	94],
[229,	16,	49,	94,	40,	81,	255],
[40,	96,	26,	202,	134,	222,	157,	119,	137,	84,	115],
[211,	219,	135,	167,	40,	33,	127,	104,	235,	119,	81,	241,	237,	143,	107,	202,	5,	51,	255,	96,	45,	113,	15,	199,	34,	24,	85,	17,	61,	206,	116,	236,	56,	169,	189,	3,	155,	188,	49,	130,	168,	137,	86,	254,	208,	84,	229,	214],
[208,	86,	230,	40,	53,	155,	214,	85,	255,	189,	141,	143,	223,	96,	51,	75,	49,	130,	251,	202,	135,	182,	34,	71,	168,	137,	254,	84,	188,	148,	119,	26,	209,	3,	18,	222,	236,	56,	33,	115,	167,	1,	206,	134,	229,	35],
[],
[116,	119,	130,	96,	126,	40,	157,	134,	137,	170],
[40,	229,	49],
[200,	26,	96,	202,	119,	84,	115,	116,	40,	126,	94,	134,	227,	222],
[34,	236,	250,	26,	211,	254,	107,	126,	255,	206,	82,	115,	157,	85,	237,	127,	49,	229,	219,	61,	141,	71,	121,	84,	182,	235,	214,	155,	168,	222,	96,	38,	169,	241,	104,	24,	130,	36,	1,	116,	31,	208,	56,	3,	119,	40],
[137,	119,	157,	134,	202,	115,	40,	94,	170,	126,	130,	96,	26],
[40,	255,	55,	229],
[202,	119,	222,	40,	116,	94,	96,	115,	26,	126],
[19,	157,	119,	40,	115,	137,	96,	26,	120],
[116,	137,	96,	26,	222,	134,	84,	94,	170,	40,	80,	115,	119],
[141,	255,	214,	95,	206,	207,	137,	85,	26,	99,	219,	150,	3,	127,	35,	182,	208,	167,	126,	33,	64,	61,	155,	199,	254,	169,	86,	211,	96,	235,	168,	202,	38,	71,	237,	51,	104,	125,	84,	107,	130,	143,	24,	189,	109,	229],
[134,	130,	40,	26,	157,	95,	119,	94,	84,	115,	96,	173,	163],
[26,	130,	40,	115,	84,	94,	96,	119],
[119,	115,	84,	116,	202,	137],
[130,	170,	126,	40,	137,	96,	202,	222,	115,	119],
[115,	67,	116,	170,	222,	130,	89,	126,	202,	137,	40,	94,	84],
[87,	168,	254,	3,	121,	237,	189,	229,	125,	31,	49,	241,	170,	116,	169,	113,	213,	84,	211,	119,	199,	236,	222,	85,	208,	134,	40,	126,	206,	112,	33,	202,	24,	104,	38,	214,	137,	143,	176,	51,	34,	182,	235,	155,	61,	141,	81],
[104,	3,	141,	202,	84,	182,	169,	189,	211,	56,	208,	216,	115,	31,	219,	40,	137,	107,	38,	113,	119,	51,	237,	135,	254,	85,	199,	126,	235,	134,	81,	33,	206,	86,	96,	178,	168,	71,	121,	143,	228,	229,	188],
[49,	81,	40,	229],
[81,	49,	40,	94,	255,	155],
[26,	202,	224,	222,	96,	115,	137,	200],
[229,	49,	40,	81],
[101,	96,	134,	115,	157,	126,	119,	26,	94,	137,	202],
[40,	126,	202,	26,	157,	84,	170,	95,	116,	222,	96,	119,	130],
[229,	81,	155],
[37,	81,	231,	255,	40,	191,	155,	229],
[84,	126,	130,	224,	137,	157,	40,	200,	115,	222,	96,	116],
[211,	38,	34,	134,	85,	152,	141,	208,	126,	237,	122,	61,	135,	143,	81,	53,	137,	104,	56,	167,	157,	117,	51,	236,	214,	71,	202,	127,	35,	86,	77,	155,	33,	222,	107,	115,	169,	40,	255,	235,	54,	121,	168,	182,	219,	119,	199,	96,	229,	113],
[85,	219,	71,	51,	157,	167,	169,	235,	214,	104,	255,	143,	206,	20,	86,	3,	237,	84,	141,	189,	182,	125,	34,	96,	119,	56,	168,	31,	33,	155,	127,	61,	254,	121,	38,	249,	107,	24,	40,	199,	229,	137,	208,	26,	202,	81],
[119,	222,	157,	94,	126,	26,	202,	96,	137,	40],
[40],
[168,	206,	71,	254,	107,	49,	34,	214,	38,	116,	40,	51,	157,	202,	211,	126,	24,	185,	135,	189,	130,	167,	58,	182,	119,	56,	33,	121,	26,	3,	199,	115,	235,	61,	141,	155,	35,	219,	113,	85,	229,	236],
[229,	40,	255],
[134,	255,	135,	241,	167,	236,	26,	96,	40,	214,	38,	211,	35,	169,	199,	188,	116,	56,	78,	219,	51,	85,	182,	79,	36,	61,	31,	119,	149,	168,	67,	81,	125,	189,	155,	143,	254,	34,	104,	130,	229,	127,	71,	141,	206,	222,	3,	202,	208],
[119,	115,	202,	67,	134,	170,	116,	137,	40,	26,	96],
[155,	49,	190,	229,	40,	255],
[157,	130,	137,	119,	40,	115,	26,	222,	134,	116,	202],
[40],
[40],
[222,	202,	157,	96,	170,	26,	116,	40],
[157,	119,	116,	202,	94,	84,	96,	40,	137,	134,	170],
[96,	20,	116,	26,	40,	170,	119,	157,	94,	137],
[126,	130,	84,	137,	40,	134,	222,	115,	170,	119,	96],
[155,	229,	40,	81,	139],
[202,	137,	134,	157,	26,	115,	40,	222,	96,	119,	20,	84,	130],
[40,	116,	137,	115,	96,	202,	84,	222],
[94,	119,	222,	130,	126,	40,	26,	84,	96],
[113,	118,	235,	210,	33,	188,	31,	53,	229,	143,	199,	167,	86,	107,	126,	40,	51,	115,	208,	104,	189,	58,	157,	78,	254,	131,	127,	202,	116,	3,	38,	34,	56,	236,	119,	182,	26,	96,	211,	137,	155,	135,	121,	168,	24,	61,	169,	241,	10,	170,	84],
[229,	40,	49,	94],
[85,	128,	81,	107,	187,	51,	167,	49,	254,	238,	189,	141,	33,	3,	157,	206,	31,	75,	134,	26,	115,	155,	182,	1,	56,	61,	40,	96,	169,	86,	125,	168,	38,	71,	76,	222,	143,	126,	237,	208,	199],
[143,	188,	202,	116,	182,	96,	241,	35,	121,	214,	56,	169,	211,	71,	222,	199,	167,	236,	38,	115,	3,	61,	40,	174,	254,	107,	168,	34,	31,	238,	170,	176,	189,	51,	24,	206,	141,	49,	208],
[31,	188,	128,	219,	53,	208,	96,	51,	49,	243,	170,	206,	119,	157,	134,	115,	125,	229,	241,	99,	155,	107,	104,	222,	85,	71,	34,	169,	121,	130,	235,	116,	137,	135,	46,	38,	185,	237,	126,	189,	141,	40,	254,	182,	202],
[170,	116,	222,	137,	94,	40,	115,	96,	130,	119,	109],
[222,	119,	40,	115,	131,	137,	170,	157,	202,	126,	134,	96],
[247,	202,	126,	116,	96,	67,	222,	115,	101,	40,	157],
[40],
[237,	104,	157,	113,	107,	254,	211,	189,	208,	229,	255,	115,	56,	96,	236,	24,	85,	119,	219,	134,	100,	168,	61,	126,	214,	51,	202,	121,	130,	169,	241,	67,	143,	206,	3,	141,	33,	188,	40,	235,	127,	125,	199,	182,	49],
[84,	40,	222,	202,	20,	115,	170,	94,	116],
[169,	143,	53,	115,	226,	202,	40,	254,	9,	134,	119,	138,	38,	71,	121,	199,	211,	64,	49,	168,	34,	208,	116,	81,	99,	235,	127,	61,	167,	125,	206,	236,	85,	135,	170,	153,	104,	141,	137,	51,	107,	94,	86,	31,	56,	182,	84],
[84,	137,	222,	119,	94,	116,	202,	115,	96,	170,	134],
[84,	94,	116,	134,	222,	126,	119,	202,	26,	137,	40,	130],
[34,	211,	135,	202,	81,	167,	119,	255,	141,	214,	143,	182,	56,	206,	38,	130,	116,	168,	189,	121,	219,	71,	253,	126,	85,	134,	199,	33,	155,	169,	51,	254,	115,	94,	31,	127,	96,	229,	104,	157,	61,	107,	137,	40],
[119,	202,	96,	115,	134,	116,	222,	130,	40,	157,	137,	94],
[40,	116,	137,	202,	170,	131,	115,	2,	84,	157],
[119,	40,	115,	157,	202,	116,	26,	109],
[130,	116,	26,	222,	96,	40,	119,	157,	115,	67],
[116,	137,	115,	185,	119,	40,	20,	84],
[94],
[137,	26,	126,	116,	40,	96,	119,	157,	115],
[157,	96,	27,	26,	137,	40,	119,	126,	116,	120,	115,	130],
[170,	116,	115,	119,	202,	222,	26,	96,	134,	157,	120,	40],
[119,	96,	202,	222,	40,	137,	157,	115],
[125,	38,	107,	137,	169,	81,	86,	202,	33,	214,	199,	87,	208,	104,	255,	168,	85,	84,	116,	143,	31,	182,	206,	130,	141,	3,	228,	49,	96,	222,	61,	40,	115,	155,	34,	113,	254,	51,	119,	219,	229,	127,	117],
[116,	137,	131,	119,	40,	26,	96,	202,	126,	134,	115,	200,	84],
[94,	155,	40,	229],
[222,	94,	115,	119,	227,	202,	40,	96,	170,	77,	116,	126],
[94,	222,	137,	116,	40,	115,	157,	134],
[229,	81,	40],
[119,	116,	40,	26,	96,	126,	202,	94,	115,	80],
[94,	255,	40,	155,	229,	49],
[229,	101,	40,	155],
[94,	169,	214,	235,	3,	134,	86,	26,	115,	104,	137,	163,	38,	158,	174,	34,	157,	138,	155,	202,	119,	211,	199,	236,	188,	40,	255,	141,	127,	130,	81,	116,	208,	61,	85,	219,	33,	31,	113,	229,	206,	121,	189,	24],
[31,	26,	126,	206,	112,	187,	236,	115,	199,	35,	56,	125,	189,	229,	45,	119,	85,	33,	167,	107,	169,	121,	104,	137,	84,	200,	57,	214,	254,	182,	143,	65,	135,	235,	237,	38,	202,	34,	255,	219,	96,	51,	40,	81,	191,	168],
[116,	126,	96,	186,	222,	202,	115,	119,	134,	40,	196],
[40],
[229,	63,	120,	81,	191,	49],
[120,	202,	40,	134,	115,	84,	119],
[40,	255,	101,	176],
[229,	40,	49,	20,	155],
[199,	254,	182,	84,	116,	229,	169,	96,	222,	107,	104,	219,	115,	206,	167,	81,	119,	31,	40,	34,	87,	33,	38,	108,	85,	237,	28,	113,	131,	44,	3,	241,	122,	214,	61,	35,	189,	71,	168,	188,	51,	56,	141,	202,	137,	211,	170,	86,	26,	126,	94,	235],
[104,	135,	3,	169,	182,	167,	125,	87,	1,	34,	107,	110,	251,	121,	141,	38,	188,	151,	219,	199,	51,	149,	143,	254,	211,	206,	33,	31,	113],
[222,	254,	135,	211,	53,	77,	196,	49,	33,	229,	115,	81,	170,	38,	71,	3,	143,	35,	206,	121,	56,	40,	141,	126,	96,	169,	104,	241,	85,	34,	127,	199,	208,	155,	31,	125,	157,	1,	61,	235,	107,	192,	202,	45,	51],
[71,	229,	178,	254,	211,	168,	38,	107,	169,	76,	167,	33,	143,	3,	141,	125,	52,	31,	189,	86,	34,	51,	104,	56,	61,	255,	81,	49,	188,	207,	85,	206,	199],
[33,	199,	104,	235,	3,	24,	254,	182,	236,	113,	56,	189,	61,	85,	167,	141,	208,	250,	219,	127,	195,	155,	206,	34,	71,	169,	38,	51,	125,	214],
[56,	125,	35,	235,	141,	53,	188,	38,	31,	61,	104,	85,	214,	51,	241,	135,	206,	208,	254,	230,	236,	189,	71,	250,	168,	34,	107,	167,	169,	219,	143],
[61,	58,	33,	24,	127,	107,	104,	153,	56,	168,	214,	35,	254,	239,	22,	71,	199,	182,	188,	237,	3,	169,	51,	206,	135,	34,	38,	241,	167,	208,	189,	213,	121,	235],
[167,	53,	189,	44,	71,	125,	214,	182,	143,	237,	206,	81,	188,	24,	168,	121,	235,	31,	229,	34,	218,	107,	199,	124,	208,	3,	56,	33,	223,	38,	135],
[241,	169,	86,	29,	188,	31,	168,	33,	223,	137,	127,	208,	182,	125,	234,	211,	199,	167,	61,	35,	206,	246,	170,	135,	219,	202,	85,	84,	71,	107,	119,	174,	38,	51,	111,	143,	141,	189,	237,	113,	96,	130,	82,	235,	236],
[31,	3,	143,	135,	169,	168,	51,	214,	167,	34,	141,	254,	107,	125,	188,	182,	199,	61,	235,	24,	230,	71,	219,	10,	104,	93,	113,	33,	127],
[51,	56,	3,	53,	9,	96,	188,	235,	254,	214,	208,	169,	134,	206,	125,	35,	116,	126,	17,	168,	182,	33,	189,	104,	143,	86,	119,	24,	61,	26,	167,	107,	202,	38,	219,	34,	71],
[33,	236,	107,	38,	103,	235,	71,	237,	104,	206,	199,	127,	51,	86,	168,	189,	24,	164,	141,	169,	31,	34,	188,	192,	208,	113,	167,	72,	219,	182,	85,	61,	3,	205,	211],
[127,	135,	256,	157,	141,	206,	68,	38,	169,	107,	199,	2,	24,	254,	134,	189,	219,	116,	236,	51,	228,	202,	53,	113,	126,	26,	115,	71,	211,	168,	3,	241,	34,	119,	104,	125,	84,	31,	96,	85,	208,	35],
[135,	242,	112,	219,	174,	24,	127,	51,	35,	182,	245,	237,	53,	61,	85,	214,	168,	3,	199,	107,	143,	189,	104,	38,	141,	71,	169,	56,	208,	235,	86,	211,	254,	125],
[214,	33,	169,	134,	125,	113,	202,	85,	187,	51,	189,	131,	53,	141,	200,	38,	219,	95,	3,	71,	34,	184,	57,	116,	237,	26,	135,	235,	4,	61,	86,	96,	107,	56,	130,	236,	31,	119,	254,	199],
[38,	206,	86,	214,	85,	31,	188,	107,	24,	202,	235,	182,	113,	34,	199,	51,	72,	45,	141,	168,	237,	116,	200,	254,	71,	169,	189,	26,	119,	236,	137,	104,	222,	208,	115,	96,	3,	143],
[51,	155,	241,	3,	167,	168,	135,	189,	254,	107,	34,	199,	104,	169,	56,	61,	255,	143,	214,	141,	206,	219,	125,	38,	49,	60,	81,	121,	208,	71,	33],
[167,	127,	51,	121,	33,	168,	125,	219,	214,	3,	53,	71,	24,	112,	57,	86,	208,	107,	169,	199,	92,	61,	237,	241,	206,	38,	141,	34,	85,	143,	253,	149],
[208,	223,	85,	215,	87,	51,	182,	219,	189,	34,	99,	38,	61,	71,	56,	167,	125,	237,	254,	128,	235,	33,	31,	35,	104,	168,	169],
[33,	188,	222,	3,	208,	104,	86,	115,	241,	85,	116,	56,	219,	141,	34,	199,	211,	121,	38,	51,	135,	53,	253,	96,	157,	236,	168,	119,	84,	126,	143,	182,	68,	189,	254,	206,	71,	31],
[199,	121,	51,	236,	24,	45,	85,	169,	254,	167,	189,	143,	235,	154,	214,	104,	237,	61,	141,	208,	168,	38,	206,	192,	125,	3,	188,	241,	107,	135,	211,	71,	86],
[31,	104,	85,	56,	243,	71,	189,	135,	182,	113,	241,	228,	168,	51,	188,	38,	33,	214,	143,	236,	3,	169,	61,	211],
[155,	254,	169,	237,	167,	31,	223,	241,	49,	143,	104,	107,	168,	85,	141,	3,	188,	121,	214,	61,	229,	199,	86,	182,	34,	206,	38,	51,	235,	33,	127,	219,	208,	24,	71,	100,	125,	189,	56],
[189,	127,	208,	61,	51,	99,	167,	236,	214,	211,	33,	34,	104,	38,	85,	71,	223,	169,	219,	168,	45,	141,	143,	125,	237,	31,	254,	235,	245,	182,	206,	3],
[199,	72,	254,	141,	67,	207,	134,	33,	208,	130,	167,	202,	119,	29,	71,	182,	153,	135,	126,	121,	157,	188,	192,	169,	3,	211,	51,	189,	56,	125,	241,	235,	34,	115,	219,	143,	61,	53,	127,	85,	206,	26,	107,	168,	174],
[188,	168,	202,	125,	31,	189,	96,	237,	115,	107,	238,	130,	34,	24,	141,	206,	38,	137,	182,	26,	102,	147,	119,	219,	124,	170,	208,	167,	35,	126,	235,	33,	199,	169,	104,	121,	211,	254,	236,	71],
[107,	168,	84,	199,	237,	85,	137,	235,	115,	125,	169,	206,	53,	3,	143,	96,	141,	222,	130,	121,	71,	188,	116,	35,	236,	24,	34,	202,	61,	214,	38,	104,	33,	119,	56,	241,	51,	219],
[3,	214,	206,	13,	104,	255,	241,	208,	229,	166,	182,	86,	235,	188,	51,	211,	24,	189,	112,	34,	38,	121,	199,	135,	53,	107,	58,	143,	31,	155,	219,	236,	169,	168,	61],
[135,	155,	36,	199,	107,	38,	235,	61,	167,	127,	214,	86,	59,	35,	121,	229,	51,	56,	206,	182,	34,	189,	208,	85,	104,	33,	141,	236,	169,	3,	24,	174,	49],
[168,	87,	211,	208,	38,	206,	237,	235,	33,	189,	143,	125,	223,	112,	182,	135,	219,	35,	6,	169,	254,	85,	127,	213,	188,	51,	104,	61,	3,	107,	24,	34,	121,	236],
[102,	137,	229,	255,	214,	134,	71,	34,	104,	237,	115,	167,	143,	119,	116,	241,	254,	59,	84,	184,	215,	130,	99,	40,	199,	141,	219,	131,	121,	182,	135,	155,	188,	189,	168,	222,	107,	31,	33,	108,	83,	157,	51],
[127,	168,	199,	254,	104,	188,	33,	71,	51,	38,	208,	31,	219,	141,	236,	206,	169,	211,	8,	34,	3,	167,	85,	182,	35,	235,	241],
[206,	205,	53,	1,	168,	143,	242,	202,	84,	116,	126,	51,	61,	3,	188,	254,	130,	236,	96,	223,	35,	24,	107,	59,	33,	26,	241,	182,	119,	199,	85,	237,	135,	169,	125,	211,	250,	167,	113,	29,	235,	104,	157,	137,	189,	34,	141],
[143,	31,	34,	211,	208,	219,	125,	61,	3,	254,	182,	86,	38,	235,	127,	167,	189,	107,	71,	181,	174,	237,	199,	168,	141,	57,	56],
[254,	3,	125,	168,	237,	85,	1,	208,	24,	143,	199,	206,	135,	56,	214,	245,	33,	107,	235,	182,	38,	61,	167,	141,	189,	113,	34,	71,	219],
[199,	241,	206,	61,	214,	255,	33,	245,	188,	81,	237,	155,	86,	229,	71,	135,	38,	104,	235,	169,	56,	141,	107,	143,	211,	168,	192,	85,	127,	3,	31,	221,	208,	238,	51,	254,	24,	35,	219,	34],
[86,	130,	71,	141,	236,	61,	38,	51,	202,	237,	119,	24,	99,	96,	125,	182,	222,	121,	219,	214,	85,	56,	170,	235,	34,	199,	143,	11,	157,	169,	168,	135,	167,	107,	175,	208,	3,	254,	127],
[189,	86,	214,	168,	254,	137,	26,	115,	38,	35,	143,	3,	56,	121,	127,	33,	61,	108,	169,	51,	182,	107,	104,	141,	126,	228,	44,	147,	167,	236,	202,	84,	135,	211,	208,	85,	34,	96,	235,	134,	125],
[188,	141,	189,	56,	151,	255,	61,	254,	169,	241,	107,	168,	85,	125,	206,	237,	207,	199,	3,	127,	143,	121,	53,	229,	144,	182,	214,	33,	49,	51,	155,	104,	208,	167,	235,	219]]
[[1,	1,	1,	1,	1,	1,	1,	1,	1,	1,	1,	1,	1,	1,	1,	1,	1,	1,	1,	1,	1,	1,	1,	1,	1,	1,	1,	1,	1,	1,	1,	1,	1,	1,	1,	1,	1,	1,	1,	1,	1,	1,	1,	1,	1,	1,	1],
[1,	1,	1,	1,	1,	1],
[1,	1,	1,	1,	1],
[1,	1,	1,	1,	1,	1,	1],
[1,	1,	1,	1,	1,	1,	1,	1,	1,	1,	1,	1,	1],
[1,	1,	1,	1,	1,	1,	1,	1,	1,	1,	1,	1,	1],
[1,	1,	1,	1,	1,	1,	1,	1,	1,	1,	1],
[1,	1,	1,	1,	1,	1,	1,	1,	1,	1,	1,	1,	1,	1,	1,	1,	1,	1,	1,	1,	1,	1,	1,	1,	1,	1,	1,	1,	1,	1,	1,	1,	1,	1,	1,	1,	1,	1,	1,	1],
[1,	1,	1,	1],
[1,	1,	1,	1,	1,	1,	1,	1,	1,	1,	1,	1,	1,	1,	1,	1,	1,	1,	1,	1,	1,	1,	1,	1,	1,	1,	1,	1,	1,	1,	1,	1,	1,	1,	1,	1,	1,	1,	1,	1,	1,	1,	1,	1,	1],
[1,	1,	1,	1,	1,	1,	1,	1,	1],
[1,	1,	1,	1,	1],
[1,	1,	1,	1,	1,	1,	1,	1,	1,	1,	1,	1,	1,	1,	1,	1,	1,	1,	1,	1,	1,	1,	1,	1,	1,	1,	1,	1,	1,	1,	1,	1,	1,	1,	1,	1,	1,	1,	1,	1,	1,	1,	1,	1,	1,	1,	1],
[1,	1,	1,	1,	1,	1,	1,	1,	1,	1,	1,	1,	1,	1,	1,	1,	1,	1,	1,	1,	1,	1,	1,	1,	1,	1,	1,	1,	1,	1,	1,	1,	1,	1,	1,	1,	1,	1,	1,	1,	1,	1,	1,	1,	1,	1,	1,	1,	1,	1,	1],
[1,	1,	1,	1,	1,	1,	1,	1,	1,	1,	1,	1,	1],
[1,	1,	1,	1,	1,	1,	1,	1,	1,	1,	1,	1,	1,	1,	1,	1,	1,	1,	1,	1,	1,	1,	1,	1,	1,	1,	1,	1,	1,	1,	1,	1,	1,	1,	1,	1,	1,	1,	1,	1,	1,	1,	1,	1,	1],
[1,	1,	1],
[1],
[1,	1,	1,	1],
[1,	1,	1,	1,	1,	1,	1,	1,	1,	1,	1,	1,	1,	1,	1,	1,	1,	1,	1,	1,	1,	1,	1,	1,	1,	1,	1,	1,	1,	1,	1,	1,	1,	1,	1,	1,	1,	1,	1],
[1,	1,	1,	1,	1,	1,	1,	1],
[1,	1,	1,	1,	1],
[1,	1,	1,	1,	1,	1,	1,	1],
[1],
[1,	1,	1],
[1,	1,	1,	1,	1,	1,	1,	1,	1,	1,	1,	1,	1,	1,	1,	1,	1,	1,	1,	1,	1,	1,	1,	1,	1,	1,	1,	1,	1,	1,	1,	1,	1,	1,	1,	1,	1,	1,	1,	1,	1,	1,	1,	1,	1,	1,	1,	1],
[1,	1,	1,	1,	1,	1,	1,	1,	1,	1,	1,	1,	1,	1,	1,	1,	1,	1,	1,	1,	1,	1,	1,	1,	1,	1,	1,	1,	1,	1,	1,	1,	1,	1,	1,	1,	1,	1,	1,	1,	1,	1,	1,	1],
[1,	1,	1,	1,	1,	1,	1,	1,	1,	1,	1,	1,	1],
[1,	1,	1,	1,	1,	1,	1,	1,	1,	1,	1,	1,	1,	1,	1,	1,	1,	1,	1,	1,	1,	1,	1,	1,	1,	1,	1,	1,	1,	1,	1,	1,	1,	1,	1,	1,	1,	1,	1],
[1,	1,	1,	1],
[1,	1,	1,	1,	1,	1,	1],
[1,	1,	1,	1,	1,	1,	1,	1,	1,	1,	1,	1,	1,	1,	1,	1,	1,	1,	1,	1,	1,	1,	1,	1,	1,	1,	1,	1,	1,	1,	1,	1,	1,	1,	1,	1,	1,	1,	1,	1,	1,	1,	1,	1,	1,	1],
[1,	1,	1,	1,	1,	1,	1,	1,	1,	1],
[1,	1,	1,	1,	1,	1,	1,	1,	1,	1,	1,	1],
[1,	1,	1,	1,	1,	1,	1],
[1,	1,	1,	1,	1,	1,	1,	1,	1,	1],
[1,	1,	1,	1,	1,	1,	1,	1,	1,	1,	1],
[1,	1,	1,	1,	1],
[1],
[1,	1,	1,	1,	1,	1],
[1,	1,	1,	1,	1,	1,	1,	1,	1,	1],
[1,	1,	1,	1,	1,	1,	1,	1,	1,	1,	1,	1,	1,	1,	1],
[1,	1,	1,	1,	1,	1,	1,	1,	1],
[1,	1,	1,	1,	1,	1,	1],
[1,	1,	1],
[1,	1,	1,	1],
[1,	1,	1,	1,	1,	1,	1,	1,	1],
[1,	1,	1,	1,	1,	1,	1,	1,	1,	1,	1],
[1,	1,	1,	1,	1,	1,	1,	1,	1,	1,	1,	1,	1,	1,	1,	1,	1,	1,	1,	1,	1,	1,	1,	1,	1,	1,	1,	1,	1,	1,	1,	1,	1,	1,	1,	1,	1,	1,	1,	1,	1,	1,	1,	1,	1,	1],
[1,	1,	1,	1,	1,	1],
[1,	1,	1,	1,	1,	1,	1,	1,	1,	1,	1,	1],
[1,	1,	1,	1,	1,	1],
[1],
[1,	1,	1,	1,	1,	1,	1,	1,	1,	1,	1],
[1,	1,	1,	1,	1,	1,	1,	1,	1,	1],
[1,	1,	1],
[1,	1,	1,	1,	1,	1,	1,	1,	1],
[1,	1,	1,	1,	1],
[1,	1,	1,	1,	1,	1,	1,	1,	1,	1,	1,	1,	1,	1,	1,	1,	1,	1,	1,	1,	1,	1,	1,	1,	1,	1,	1,	1,	1,	1,	1,	1,	1,	1,	1,	1,	1,	1,	1,	1,	1,	1,	1,	1,	1,	1,	1],
[1,	1,	1,	1,	1,	1,	1,	1,	1,	1,	1,	1],
[1,	1,	1,	1,	1,	1,	1,	1,	1,	1,	1,	1,	1,	1,	1,	1,	1,	1,	1,	1,	1,	1,	1,	1,	1,	1,	1,	1,	1,	1,	1,	1,	1,	1,	1,	1,	1,	1,	1,	1,	1,	1,	1,	1,	1],
[1,	1,	1,	1,	1,	1,	1,	1,	1,	1,	1,	1,	1],
[1,	1,	1,	1,	1,	1,	1,	1,	1,	1,	1,	1,	1,	1,	1,	1,	1,	1,	1,	1,	1,	1,	1,	1,	1,	1,	1,	1,	1,	1,	1,	1,	1,	1,	1,	1,	1,	1,	1,	1,	1,	1,	1,	1,	1,	1,	1],
[1,	1,	1,	1,	1,	1,	1,	1,	1,	1],
[1,	1,	1,	1,	1,	1,	1,	1,	1,	1,	1,	1,	1,	1,	1,	1,	1,	1,	1,	1,	1,	1,	1,	1,	1,	1,	1,	1,	1,	1,	1,	1,	1,	1,	1,	1,	1,	1,	1,	1,	1,	1,	1,	1,	1,	1],
[1,	1,	1,	1,	1,	1,	1,	1,	1,	1,	1,	1,	1,	1,	1,	1,	1,	1,	1,	1,	1,	1,	1,	1,	1,	1,	1,	1,	1,	1,	1,	1,	1,	1,	1,	1,	1,	1,	1,	1,	1,	1,	1,	1,	1,	1,	1,	1,	1,	1,	1,	1],
[1,	1,	1,	1,	1,	1,	1,	1,	1,	1,	1,	1,	1,	1,	1,	1,	1,	1,	1,	1,	1,	1,	1,	1,	1,	1,	1,	1,	1,	1,	1,	1,	1,	1,	1,	1,	1,	1,	1,	1,	1,	1,	1,	1],
[1,	1],
[1,	1,	1,	1,	1],
[1,	1,	1,	1,	1],
[1,	1,	1,	1,	1,	1,	1,	1,	1,	1,	1,	1],
[1,	1,	1,	1,	1,	1,	1,	1,	1,	1,	1,	1,	1,	1],
[1,	1,	1,	1,	1,	1,	1,	1,	1,	1,	1,	1,	1,	1,	1,	1,	1,	1,	1,	1,	1,	1,	1,	1,	1,	1,	1,	1,	1,	1,	1,	1,	1,	1,	1,	1,	1,	1,	1,	1,	1],
[1,	1,	1,	1,	1,	1,	1,	1,	1,	1,	1,	1,	1,	1,	1,	1,	1,	1,	1,	1,	1,	1,	1,	1,	1,	1,	1,	1,	1,	1,	1,	1,	1,	1,	1,	1,	1,	1,	1,	1,	1,	1,	1],
[1,	1,	1,	1,	1,	1,	1,	1,	1],
[1,	1,	1,	1,	1,	1,	1,	1,	1,	1,	1],
[1,	1,	1],
[1,	1,	1,	1,	1,	1,	1],
[1,	1,	1,	1,	1,	1,	1],
[1,	1,	1,	1],
[1,	1,	1,	1,	1,	1,	1,	1,	1,	1,	1,	1,	1,	1,	1,	1,	1,	1,	1,	1,	1,	1,	1,	1,	1,	1,	1,	1,	1,	1,	1,	1,	1,	1,	1,	1,	1,	1,	1,	1,	1,	1,	1,	1],
[1,	1,	1,	1,	1,	1,	1,	1,	1,	1],
[1,	1,	1,	1,	1,	1,	1,	1,	1,	1],
[1,	1,	1,	1,	1,	1,	1,	1,	1,	1,	1,	1],
[1,	1,	1,	1,	1,	1,	1,	1],
[1,	1,	1,	1,	1,	1,	1,	1],
[1,	1,	1,	1,	1],
[1,	1,	1,	1,	1,	1,	1,	1,	1,	1,	1,	1,	1,	1,	1,	1,	1,	1,	1,	1,	1,	1,	1,	1,	1,	1,	1,	1,	1,	1,	1,	1,	1,	1,	1,	1,	1,	1,	1,	1,	1,	1,	1,	1,	1,	1,	1,	1,	1,	1,	1,	1],
[1,	1,	1,	1,	1],
[1,	1,	1,	1,	1,	1,	1,	1,	1,	1,	1,	1],
[1,	1,	1,	1,	1,	1,	1,	1,	1,	1,	1],
[1,	1,	1,	1,	1],
[1,	1,	1,	1,	1,	1,	1,	1,	1,	1],
[1,	1,	1,	1,	1],
[1,	1,	1,	1,	1,	1],
[1,	1,	1],
[1,	1,	1,	1],
[1,	1,	1,	1,	1],
[1,	1,	1,	1,	1],
[1,	1,	1,	1,	1],
[1,	1,	1,	1,	1,	1,	1,	1,	1,	1,	1,	1,	1,	1,	1,	1,	1,	1,	1,	1,	1,	1,	1,	1,	1,	1,	1,	1,	1,	1,	1,	1,	1,	1,	1,	1,	1,	1,	1,	1,	1,	1,	1,	1,	1,	1,	1,	1,	1,	1],
[1,	1,	1,	1,	1],
[1,	1,	1,	1,	1,	1,	1,	1,	1,	1,	1],
[1,	1,	1,	1,	1,	1,	1,	1,	1],
[1,	1,	1,	1,	1,	1,	1,	1,	1],
[1,	1,	1,	1,	1,	1,	1,	1,	1,	1,	1,	1,	1,	1,	1,	1,	1,	1,	1,	1,	1,	1,	1,	1,	1,	1,	1,	1,	1,	1,	1,	1,	1,	1,	1,	1,	1,	1,	1,	1,	1,	1,	1],
[1,	1,	1,	1,	1,	1,	1,	1,	1],
[1,	1,	1,	1,	1,	1,	1,	1,	1,	1],
[1,	1,	1,	1,	1,	1],
[1,	1,	1,	1,	1,	1,	1,	1,	1,	1],
[1,	1,	1,	1,	1,	1,	1,	1,	1,	1],
[1,	1,	1,	1,	1,	1,	1,	1,	1,	1,	1,	1,	1,	1,	1,	1,	1,	1,	1,	1,	1,	1,	1,	1,	1,	1,	1,	1,	1,	1,	1,	1,	1,	1,	1,	1,	1,	1,	1,	1,	1,	1,	1,	1,	1,	1,	1],
[1,	1,	1,	1,	1,	1,	1,	1,	1,	1,	1,	1,	1,	1,	1,	1,	1,	1,	1,	1,	1,	1,	1,	1,	1,	1,	1,	1,	1,	1,	1,	1,	1,	1,	1,	1,	1,	1,	1,	1,	1,	1,	1,	1,	1,	1],
[1,	1,	1,	1,	1,	1,	1,	1,	1,	1,	1,	1,	1,	1,	1,	1,	1,	1,	1,	1,	1,	1,	1,	1,	1,	1,	1,	1,	1,	1,	1,	1,	1,	1,	1,	1,	1,	1,	1,	1,	1,	1],
[1,	1,	1,	1],
[1,	1,	1,	1,	1],
[1,	1,	1,	1,	1,	1,	1,	1,	1,	1,	1,	1,	1,	1,	1,	1,	1,	1,	1,	1,	1,	1,	1,	1,	1,	1,	1,	1,	1,	1,	1,	1,	1,	1,	1,	1,	1,	1,	1,	1,	1,	1,	1,	1,	1,	1,	1,	1],
[1],
[1,	1,	1,	1,	1,	1,	1,	1,	1,	1,	1,	1,	1,	1,	1,	1,	1,	1,	1,	1,	1,	1,	1,	1,	1,	1,	1,	1,	1,	1,	1,	1,	1,	1,	1,	1,	1,	1,	1,	1,	1,	1,	1,	1,	1,	1,	1],
[1,	1,	1,	1,	1,	1,	1,	1,	1,	1,	1,	1,	1,	1,	1,	1,	1,	1,	1,	1,	1,	1,	1,	1,	1,	1,	1,	1,	1,	1,	1,	1,	1,	1],
[1,	1,	1],
[1,	1,	1,	1,	1,	1,	1],
[1,	1,	1,	1,	1],
[1,	1,	1,	1,	1],
[1,	1,	1],
[1,	1,	1,	1,	1],
[1,	1,	1,	1,	1,	1,	1,	1,	1,	1,	1,	1],
[1,	1,	1,	1,	1,	1,	1,	1,	1,	1,	1,	1],
[1,	1,	1,	1,	1,	1,	1,	1,	1,	1,	1],
[1,	1,	1],
[1,	1,	1,	1,	1],
[1,	1,	1,	1,	1,	1,	1,	1,	1,	1,	1,	1,	1,	1,	1,	1,	1,	1,	1,	1,	1,	1,	1,	1,	1,	1,	1,	1,	1,	1,	1,	1,	1,	1,	1,	1,	1,	1,	1,	1,	1,	1,	1,	1],
[1,	1,	1,	1,	1,	1,	1,	1,	1,	1],
[1,	1,	1,	1,	1,	1],
[1],
[1],
[1,	1,	1],
[1,	1,	1,	1,	1,	1,	1],
[1,	1,	1,	1,	1,	1,	1,	1,	1,	1,	1,	1,	1,	1,	1],
[1,	1,	1,	1,	1,	1,	1,	1,	1,	1],
[1,	1],
[1,	1,	1,	1,	1,	1],
[1,	1,	1,	1,	1,	1,	1,	1,	1],
[1,	1,	1,	1,	1],
[1,	1,	1,	1,	1,	1,	1,	1,	1,	1,	1],
[1,	1,	1,	1,	1,	1],
[1,	1,	1,	1,	1],
[1,	1,	1,	1,	1,	1,	1,	1,	1,	1,	1,	1],
[1,	1,	1,	1,	1],
[1,	1,	1,	1,	1,	1,	1,	1,	1,	1,	1,	1,	1],
[1,	1,	1,	1,	1,	1,	1,	1,	1,	1,	1,	1,	1],
[1,	1,	1,	1,	1],
[1,	1,	1,	1,	1,	1,	1,	1,	1,	1],
[1,	1,	1,	1,	1,	1,	1,	1,	1],
[1,	1,	1,	1,	1,	1,	1,	1,	1,	1,	1,	1,	1,	1,	1,	1,	1,	1,	1,	1,	1,	1,	1,	1,	1,	1,	1,	1,	1,	1,	1,	1,	1,	1,	1,	1,	1,	1,	1,	1,	1],
[1,	1,	1,	1,	1,	1,	1,	1,	1,	1,	1],
[1,	1,	1,	1],
[1,	1,	1,	1,	1,	1,	1,	1,	1],
[1,	1,	1,	1,	1,	1,	1,	1,	1,	1],
[1,	1,	1,	1,	1,	1,	1,	1,	1,	1,	1,	1],
[1,	1,	1,	1,	1,	1,	1,	1,	1,	1,	1],
[1,	1,	1,	1],
[1,	1,	1,	1,	1,	1,	1],
[1,	1,	1,	1,	1,	1,	1,	1,	1,	1,	1],
[1,	1,	1,	1,	1,	1,	1,	1,	1,	1,	1,	1,	1,	1,	1,	1,	1,	1,	1,	1,	1,	1,	1,	1,	1,	1,	1,	1,	1,	1,	1,	1,	1,	1,	1,	1,	1,	1,	1,	1,	1,	1,	1,	1,	1,	1,	1,	1],
[1,	1,	1,	1,	1,	1,	1,	1,	1,	1,	1,	1,	1,	1,	1,	1,	1,	1,	1,	1,	1,	1,	1,	1,	1,	1,	1,	1,	1,	1,	1,	1,	1,	1,	1,	1,	1,	1,	1,	1,	1,	1,	1,	1,	1,	1],
[],
[1,	1,	1,	1,	1,	1,	1,	1,	1,	1],
[1,	1,	1],
[1,	1,	1,	1,	1,	1,	1,	1,	1,	1,	1,	1,	1,	1],
[1,	1,	1,	1,	1,	1,	1,	1,	1,	1,	1,	1,	1,	1,	1,	1,	1,	1,	1,	1,	1,	1,	1,	1,	1,	1,	1,	1,	1,	1,	1,	1,	1,	1,	1,	1,	1,	1,	1,	1,	1,	1,	1,	1,	1,	1],
[1,	1,	1,	1,	1,	1,	1,	1,	1,	1,	1,	1,	1],
[1,	1,	1,	1],
[1,	1,	1,	1,	1,	1,	1,	1,	1,	1],
[1,	1,	1,	1,	1,	1,	1,	1,	1],
[1,	1,	1,	1,	1,	1,	1,	1,	1,	1,	1,	1,	1],
[1,	1,	1,	1,	1,	1,	1,	1,	1,	1,	1,	1,	1,	1,	1,	1,	1,	1,	1,	1,	1,	1,	1,	1,	1,	1,	1,	1,	1,	1,	1,	1,	1,	1,	1,	1,	1,	1,	1,	1,	1,	1,	1,	1,	1,	1],
[1,	1,	1,	1,	1,	1,	1,	1,	1,	1,	1,	1,	1],
[1,	1,	1,	1,	1,	1,	1,	1],
[1,	1,	1,	1,	1,	1],
[1,	1,	1,	1,	1,	1,	1,	1,	1,	1],
[1,	1,	1,	1,	1,	1,	1,	1,	1,	1,	1,	1,	1],
[1,	1,	1,	1,	1,	1,	1,	1,	1,	1,	1,	1,	1,	1,	1,	1,	1,	1,	1,	1,	1,	1,	1,	1,	1,	1,	1,	1,	1,	1,	1,	1,	1,	1,	1,	1,	1,	1,	1,	1,	1,	1,	1,	1,	1,	1,	1],
[1,	1,	1,	1,	1,	1,	1,	1,	1,	1,	1,	1,	1,	1,	1,	1,	1,	1,	1,	1,	1,	1,	1,	1,	1,	1,	1,	1,	1,	1,	1,	1,	1,	1,	1,	1,	1,	1,	1,	1,	1,	1,	1],
[1,	1,	1,	1],
[1,	1,	1,	1,	1,	1],
[1,	1,	1,	1,	1,	1,	1,	1],
[1,	1,	1,	1],
[1,	1,	1,	1,	1,	1,	1,	1,	1,	1,	1],
[1,	1,	1,	1,	1,	1,	1,	1,	1,	1,	1,	1,	1],
[1,	1,	1],
[1,	1,	1,	1,	1,	1,	1,	1],
[1,	1,	1,	1,	1,	1,	1,	1,	1,	1,	1,	1],
[1,	1,	1,	1,	1,	1,	1,	1,	1,	1,	1,	1,	1,	1,	1,	1,	1,	1,	1,	1,	1,	1,	1,	1,	1,	1,	1,	1,	1,	1,	1,	1,	1,	1,	1,	1,	1,	1,	1,	1,	1,	1,	1,	1,	1,	1,	1,	1,	1,	1],
[1,	1,	1,	1,	1,	1,	1,	1,	1,	1,	1,	1,	1,	1,	1,	1,	1,	1,	1,	1,	1,	1,	1,	1,	1,	1,	1,	1,	1,	1,	1,	1,	1,	1,	1,	1,	1,	1,	1,	1,	1,	1,	1,	1,	1,	1],
[1,	1,	1,	1,	1,	1,	1,	1,	1,	1],
[1],
[1,	1,	1,	1,	1,	1,	1,	1,	1,	1,	1,	1,	1,	1,	1,	1,	1,	1,	1,	1,	1,	1,	1,	1,	1,	1,	1,	1,	1,	1,	1,	1,	1,	1,	1,	1,	1,	1,	1,	1,	1,	1],
[1,	1,	1],
[1,	1,	1,	1,	1,	1,	1,	1,	1,	1,	1,	1,	1,	1,	1,	1,	1,	1,	1,	1,	1,	1,	1,	1,	1,	1,	1,	1,	1,	1,	1,	1,	1,	1,	1,	1,	1,	1,	1,	1,	1,	1,	1,	1,	1,	1,	1,	1,	1],
[1,	1,	1,	1,	1,	1,	1,	1,	1,	1,	1],
[1,	1,	1,	1,	1,	1],
[1,	1,	1,	1,	1,	1,	1,	1,	1,	1,	1],
[1],
[1],
[1,	1,	1,	1,	1,	1,	1,	1],
[1,	1,	1,	1,	1,	1,	1,	1,	1,	1,	1],
[1,	1,	1,	1,	1,	1,	1,	1,	1,	1],
[1,	1,	1,	1,	1,	1,	1,	1,	1,	1,	1],
[1,	1,	1,	1,	1],
[1,	1,	1,	1,	1,	1,	1,	1,	1,	1,	1,	1,	1],
[1,	1,	1,	1,	1,	1,	1,	1],
[1,	1,	1,	1,	1,	1,	1,	1,	1],
[1,	1,	1,	1,	1,	1,	1,	1,	1,	1,	1,	1,	1,	1,	1,	1,	1,	1,	1,	1,	1,	1,	1,	1,	1,	1,	1,	1,	1,	1,	1,	1,	1,	1,	1,	1,	1,	1,	1,	1,	1,	1,	1,	1,	1,	1,	1,	1,	1,	1,	1],
[1,	1,	1,	1],
[1,	1,	1,	1,	1,	1,	1,	1,	1,	1,	1,	1,	1,	1,	1,	1,	1,	1,	1,	1,	1,	1,	1,	1,	1,	1,	1,	1,	1,	1,	1,	1,	1,	1,	1,	1,	1,	1,	1,	1,	1],
[1,	1,	1,	1,	1,	1,	1,	1,	1,	1,	1,	1,	1,	1,	1,	1,	1,	1,	1,	1,	1,	1,	1,	1,	1,	1,	1,	1,	1,	1,	1,	1,	1,	1,	1,	1,	1,	1,	1],
[1,	1,	1,	1,	1,	1,	1,	1,	1,	1,	1,	1,	1,	1,	1,	1,	1,	1,	1,	1,	1,	1,	1,	1,	1,	1,	1,	1,	1,	1,	1,	1,	1,	1,	1,	1,	1,	1,	1,	1,	1,	1,	1,	1,	1],
[1,	1,	1,	1,	1,	1,	1,	1,	1,	1,	1],
[1,	1,	1,	1,	1,	1,	1,	1,	1,	1,	1,	1],
[1,	1,	1,	1,	1,	1,	1,	1,	1,	1,	1],
[1],
[1,	1,	1,	1,	1,	1,	1,	1,	1,	1,	1,	1,	1,	1,	1,	1,	1,	1,	1,	1,	1,	1,	1,	1,	1,	1,	1,	1,	1,	1,	1,	1,	1,	1,	1,	1,	1,	1,	1,	1,	1,	1,	1,	1,	1],
[1,	1,	1,	1,	1,	1,	1,	1,	1],
[1,	1,	1,	1,	1,	1,	1,	1,	1,	1,	1,	1,	1,	1,	1,	1,	1,	1,	1,	1,	1,	1,	1,	1,	1,	1,	1,	1,	1,	1,	1,	1,	1,	1,	1,	1,	1,	1,	1,	1,	1,	1,	1,	1,	1,	1,	1],
[1,	1,	1,	1,	1,	1,	1,	1,	1,	1,	1],
[1,	1,	1,	1,	1,	1,	1,	1,	1,	1,	1,	1],
[1,	1,	1,	1,	1,	1,	1,	1,	1,	1,	1,	1,	1,	1,	1,	1,	1,	1,	1,	1,	1,	1,	1,	1,	1,	1,	1,	1,	1,	1,	1,	1,	1,	1,	1,	1,	1,	1,	1,	1,	1,	1,	1,	1],
[1,	1,	1,	1,	1,	1,	1,	1,	1,	1,	1,	1],
[1,	1,	1,	1,	1,	1,	1,	1,	1,	1],
[1,	1,	1,	1,	1,	1,	1,	1],
[1,	1,	1,	1,	1,	1,	1,	1,	1,	1],
[1,	1,	1,	1,	1,	1,	1,	1],
[1],
[1,	1,	1,	1,	1,	1,	1,	1,	1],
[1,	1,	1,	1,	1,	1,	1,	1,	1,	1,	1,	1],
[1,	1,	1,	1,	1,	1,	1,	1,	1,	1,	1,	1],
[1,	1,	1,	1,	1,	1,	1,	1],
[1,	1,	1,	1,	1,	1,	1,	1,	1,	1,	1,	1,	1,	1,	1,	1,	1,	1,	1,	1,	1,	1,	1,	1,	1,	1,	1,	1,	1,	1,	1,	1,	1,	1,	1,	1,	1,	1,	1,	1,	1,	1,	1],
[1,	1,	1,	1,	1,	1,	1,	1,	1,	1,	1,	1,	1],
[1,	1,	1,	1],
[1,	1,	1,	1,	1,	1,	1,	1,	1,	1,	1,	1],
[1,	1,	1,	1,	1,	1,	1,	1],
[1,	1,	1],
[1,	1,	1,	1,	1,	1,	1,	1,	1,	1],
[1,	1,	1,	1,	1,	1],
[1,	1,	1,	1],
[1,	1,	1,	1,	1,	1,	1,	1,	1,	1,	1,	1,	1,	1,	1,	1,	1,	1,	1,	1,	1,	1,	1,	1,	1,	1,	1,	1,	1,	1,	1,	1,	1,	1,	1,	1,	1,	1,	1,	1,	1,	1,	1,	1],
[1,	1,	1,	1,	1,	1,	1,	1,	1,	1,	1,	1,	1,	1,	1,	1,	1,	1,	1,	1,	1,	1,	1,	1,	1,	1,	1,	1,	1,	1,	1,	1,	1,	1,	1,	1,	1,	1,	1,	1,	1,	1,	1,	1,	1,	1],
[1,	1,	1,	1,	1,	1,	1,	1,	1,	1,	1],
[1],
[1,	1,	1,	1,	1,	1],
[1,	1,	1,	1,	1,	1,	1],
[1,	1,	1,	1],
[1,	1,	1,	1,	1],
[1,	1,	1,	1,	1,	1,	1,	1,	1,	1,	1,	1,	1,	1,	1,	1,	1,	1,	1,	1,	1,	1,	1,	1,	1,	1,	1,	1,	1,	1,	1,	1,	1,	1,	1,	1,	1,	1,	1,	1,	1,	1,	1,	1,	1,	1,	1,	1,	1,	1,	1,	1],
[1,	1,	1,	1,	1,	1,	1,	1,	1,	1,	1,	1,	1,	1,	1,	1,	1,	1,	1,	1,	1,	1,	1,	1,	1,	1,	1,	1,	1],
[1,	1,	1,	1,	1,	1,	1,	1,	1,	1,	1,	1,	1,	1,	1,	1,	1,	1,	1,	1,	1,	1,	1,	1,	1,	1,	1,	1,	1,	1,	1,	1,	1,	1,	1,	1,	1,	1,	1,	1,	1,	1,	1,	1,	1],
[1,	1,	1,	1,	1,	1,	1,	1,	1,	1,	1,	1,	1,	1,	1,	1,	1,	1,	1,	1,	1,	1,	1,	1,	1,	1,	1,	1,	1,	1,	1,	1,	1],
[1,	1,	1,	1,	1,	1,	1,	1,	1,	1,	1,	1,	1,	1,	1,	1,	1,	1,	1,	1,	1,	1,	1,	1,	1,	1,	1,	1,	1,	1],
[1,	1,	1,	1,	1,	1,	1,	1,	1,	1,	1,	1,	1,	1,	1,	1,	1,	1,	1,	1,	1,	1,	1,	1,	1,	1,	1,	1,	1,	1,	1],
[1,	1,	1,	1,	1,	1,	1,	1,	1,	1,	1,	1,	1,	1,	1,	1,	1,	1,	1,	1,	1,	1,	1,	1,	1,	1,	1,	1,	1,	1,	1,	1,	1,	1],
[1,	1,	1,	1,	1,	1,	1,	1,	1,	1,	1,	1,	1,	1,	1,	1,	1,	1,	1,	1,	1,	1,	1,	1,	1,	1,	1,	1,	1,	1,	1],
[1,	1,	1,	1,	1,	1,	1,	1,	1,	1,	1,	1,	1,	1,	1,	1,	1,	1,	1,	1,	1,	1,	1,	1,	1,	1,	1,	1,	1,	1,	1,	1,	1,	1,	1,	1,	1,	1,	1,	1,	1,	1,	1,	1,	1],
[1,	1,	1,	1,	1,	1,	1,	1,	1,	1,	1,	1,	1,	1,	1,	1,	1,	1,	1,	1,	1,	1,	1,	1,	1,	1,	1,	1,	1],
[1,	1,	1,	1,	1,	1,	1,	1,	1,	1,	1,	1,	1,	1,	1,	1,	1,	1,	1,	1,	1,	1,	1,	1,	1,	1,	1,	1,	1,	1,	1,	1,	1,	1,	1,	1,	1],
[1,	1,	1,	1,	1,	1,	1,	1,	1,	1,	1,	1,	1,	1,	1,	1,	1,	1,	1,	1,	1,	1,	1,	1,	1,	1,	1,	1,	1,	1,	1,	1,	1,	1,	1],
[1,	1,	1,	1,	1,	1,	1,	1,	1,	1,	1,	1,	1,	1,	1,	1,	1,	1,	1,	1,	1,	1,	1,	1,	1,	1,	1,	1,	1,	1,	1,	1,	1,	1,	1,	1,	1,	1,	1,	1,	1,	1],
[1,	1,	1,	1,	1,	1,	1,	1,	1,	1,	1,	1,	1,	1,	1,	1,	1,	1,	1,	1,	1,	1,	1,	1,	1,	1,	1,	1,	1,	1,	1,	1,	1,	1],
[1,	1,	1,	1,	1,	1,	1,	1,	1,	1,	1,	1,	1,	1,	1,	1,	1,	1,	1,	1,	1,	1,	1,	1,	1,	1,	1,	1,	1,	1,	1,	1,	1,	1,	1,	1,	1,	1,	1,	1],
[1,	1,	1,	1,	1,	1,	1,	1,	1,	1,	1,	1,	1,	1,	1,	1,	1,	1,	1,	1,	1,	1,	1,	1,	1,	1,	1,	1,	1,	1,	1,	1,	1,	1,	1,	1,	1,	1],
[1,	1,	1,	1,	1,	1,	1,	1,	1,	1,	1,	1,	1,	1,	1,	1,	1,	1,	1,	1,	1,	1,	1,	1,	1,	1,	1,	1,	1,	1,	1],
[1,	1,	1,	1,	1,	1,	1,	1,	1,	1,	1,	1,	1,	1,	1,	1,	1,	1,	1,	1,	1,	1,	1,	1,	1,	1,	1,	1,	1,	1,	1,	1],
[1,	1,	1,	1,	1,	1,	1,	1,	1,	1,	1,	1,	1,	1,	1,	1,	1,	1,	1,	1,	1,	1,	1,	1,	1,	1,	1],
[1,	1,	1,	1,	1,	1,	1,	1,	1,	1,	1,	1,	1,	1,	1,	1,	1,	1,	1,	1,	1,	1,	1,	1,	1,	1,	1,	1,	1,	1,	1,	1,	1,	1,	1,	1,	1,	1],
[1,	1,	1,	1,	1,	1,	1,	1,	1,	1,	1,	1,	1,	1,	1,	1,	1,	1,	1,	1,	1,	1,	1,	1,	1,	1,	1,	1,	1,	1,	1,	1,	1],
[1,	1,	1,	1,	1,	1,	1,	1,	1,	1,	1,	1,	1,	1,	1,	1,	1,	1,	1,	1,	1,	1,	1,	1],
[1,	1,	1,	1,	1,	1,	1,	1,	1,	1,	1,	1,	1,	1,	1,	1,	1,	1,	1,	1,	1,	1,	1,	1,	1,	1,	1,	1,	1,	1,	1,	1,	1,	1,	1,	1,	1,	1,	1],
[1,	1,	1,	1,	1,	1,	1,	1,	1,	1,	1,	1,	1,	1,	1,	1,	1,	1,	1,	1,	1,	1,	1,	1,	1,	1,	1,	1,	1,	1,	1,	1],
[1,	1,	1,	1,	1,	1,	1,	1,	1,	1,	1,	1,	1,	1,	1,	1,	1,	1,	1,	1,	1,	1,	1,	1,	1,	1,	1,	1,	1,	1,	1,	1,	1,	1,	1,	1,	1,	1,	1,	1,	1,	1,	1,	1,	1],
[1,	1,	1,	1,	1,	1,	1,	1,	1,	1,	1,	1,	1,	1,	1,	1,	1,	1,	1,	1,	1,	1,	1,	1,	1,	1,	1,	1,	1,	1,	1,	1,	1,	1,	1,	1,	1,	1,	1,	1],
[1,	1,	1,	1,	1,	1,	1,	1,	1,	1,	1,	1,	1,	1,	1,	1,	1,	1,	1,	1,	1,	1,	1,	1,	1,	1,	1,	1,	1,	1,	1,	1,	1,	1,	1,	1,	1,	1],
[1,	1,	1,	1,	1,	1,	1,	1,	1,	1,	1,	1,	1,	1,	1,	1,	1,	1,	1,	1,	1,	1,	1,	1,	1,	1,	1,	1,	1,	1,	1,	1,	1,	1,	1],
[1,	1,	1,	1,	1,	1,	1,	1,	1,	1,	1,	1,	1,	1,	1,	1,	1,	1,	1,	1,	1,	1,	1,	1,	1,	1,	1,	1,	1,	1,	1,	1,	1],
[1,	1,	1,	1,	1,	1,	1,	1,	1,	1,	1,	1,	1,	1,	1,	1,	1,	1,	1,	1,	1,	1,	1,	1,	1,	1,	1,	1,	1,	1,	1,	1,	1,	1],
[1,	1,	1,	1,	1,	1,	1,	1,	1,	1,	1,	1,	1,	1,	1,	1,	1,	1,	1,	1,	1,	1,	1,	1,	1,	1,	1,	1,	1,	1,	1,	1,	1,	1,	1,	1,	1,	1,	1,	1,	1,	1,	1],
[1,	1,	1,	1,	1,	1,	1,	1,	1,	1,	1,	1,	1,	1,	1,	1,	1,	1,	1,	1,	1,	1,	1,	1,	1,	1,	1],
[1,	1,	1,	1,	1,	1,	1,	1,	1,	1,	1,	1,	1,	1,	1,	1,	1,	1,	1,	1,	1,	1,	1,	1,	1,	1,	1,	1,	1,	1,	1,	1,	1,	1,	1,	1,	1,	1,	1,	1,	1,	1,	1,	1,	1,	1,	1],
[1,	1,	1,	1,	1,	1,	1,	1,	1,	1,	1,	1,	1,	1,	1,	1,	1,	1,	1,	1,	1,	1,	1,	1,	1,	1,	1],
[1,	1,	1,	1,	1,	1,	1,	1,	1,	1,	1,	1,	1,	1,	1,	1,	1,	1,	1,	1,	1,	1,	1,	1,	1,	1,	1,	1,	1],
[1,	1,	1,	1,	1,	1,	1,	1,	1,	1,	1,	1,	1,	1,	1,	1,	1,	1,	1,	1,	1,	1,	1,	1,	1,	1,	1,	1,	1,	1,	1,	1,	1,	1,	1,	1,	1,	1,	1,	1],
[1,	1,	1,	1,	1,	1,	1,	1,	1,	1,	1,	1,	1,	1,	1,	1,	1,	1,	1,	1,	1,	1,	1,	1,	1,	1,	1,	1,	1,	1,	1,	1,	1,	1,	1,	1,	1,	1,	1],
[1,	1,	1,	1,	1,	1,	1,	1,	1,	1,	1,	1,	1,	1,	1,	1,	1,	1,	1,	1,	1,	1,	1,	1,	1,	1,	1,	1,	1,	1,	1,	1,	1,	1,	1,	1,	1,	1,	1,	1,	1],
[1,	1,	1,	1,	1,	1,	1,	1,	1,	1,	1,	1,	1,	1,	1,	1,	1,	1,	1,	1,	1,	1,	1,	1,	1,	1,	1,	1,	1,	1,	1,	1,	1,	1,	1,	1]]
[0,	1,	0,	1,	1,	1,	1,	1,	1,	1,	1,	1,	1,	1,	1,	1,	1,	1,	1,	0,	1,	1,	1,	0,	1,	0,	1,	1,	1,	1,	0,	1,	0,	0,	0,	1,	1,	0,	1,	0,	1,	1,	1,	1,	0,	1,	1,	1,	0,	1,	0,	1,	0,	1,	1,	0,	1,	1,	1,	1,	0,	1,	1,	1,	1,	1,	0,	1,	1,	1,	0,	1,	1,	1,	1,	1,	1,	1,	1,	1,	0,	1,	1,	0,	0,	0,	1,	1,	1,	1,	1,	1,	1,	0,	1,	0,	1,	1,	0,	1,	1,	1,	1,	0,	1,	1,	0,	1,	1,	1,	1,	0,	0,	1,	0,	0,	1,	1,	0,	1,	0,	1,	1,	1,	0,	0,	0,	1,	1,	0,	0,	1,	1,	0,	0,	1,	0,	1,	1,	1,	0,	1,	0,	1,	1,	1,	1,	1,	1,	1,	1,	1,	1,	1,	0,	1,	0,	1,	1,	1,	1,	1,	1,	1,	1,	1,	0,	0,	0,	0,	1,	1,	1,	0,	1,	1,	1,	1,	1,	1,	1,	0,	1,	1,	1,	1,	1,	0,	0,	1,	1,	1,	1,	1,	1,	1,	1,	1,	0,	0,	1,	0,	1,	1,	1,	0,	0,	0,	1,	1,	0,	1,	1,	0,	1,	1,	1,	1,	0,	1,	1,	0,	0,	1,	1,	1,	1,	0,	0,	1,	1,	1,	1,	1,	0,	0,	0,	1,	1,	1,	0,	1,	1,	1,	1,	1,	1,	1,	1,	1,	1,	1,	1,	0,	0,	1]