268	12	256	4050
[[84,	25,	115,	244,	70,	52,	136,	228,	173,	182,	178,	222,	28,	149,	74,	83,	138,	181,	212,	216,	63,	214,	49,	194,	130,	242,	98,	170,	56,	232,	80,	196,	22,	229,	18,	26,	185,	89,	31,	72,	253,	140,	190],
[206,	115,	78,	6,	213,	31,	250,	13,	72,	87,	141],
[27,	136,	207,	44,	4,	180],
[196,	114,	31,	57,	29,	219],
[4,	130,	175,	215,	35,	160,	84,	44],
[84,	217,	27,	174,	239,	136],
[130,	4,	217,	175],
[174,	222,	22,	35,	80,	27,	25,	238,	239],
[27,	22,	175,	222],
[27,	138,	156,	149,	26,	103,	60,	84,	181,	206,	165,	161,	130,	249,	213,	209,	33,	109,	69,	232,	4,	16,	246,	68,	160,	164,	143,	63,	148,	222,	146,	74,	163,	80],
[219,	235,	98,	31,	32,	163,	57,	197,	7,	121,	138,	141],
[152,	87,	134,	85,	163,	155,	122,	246,	60,	100,	86,	8,	109,	44,	84,	29,	165,	52,	70,	232,	37,	133,	15,	18,	211,	196,	178,	143,	114,	149,	172,	212,	56,	223,	239],
[88,	125,	195,	68,	178,	138,	206,	55,	57,	119,	233,	198,	31,	153,	69,	219,	229,	197,	18,	170,	230,	222,	94,	110,	143,	194,	174,	103,	228,	6,	98,	4,	212,	50,	37,	70,	216,	240],
[66,	80,	136,	15,	229,	174,	239,	30,	186],
[61,	214,	57,	246,	213,	87,	74,	138,	29,	13,	225,	206],
[76,	80],
[72,	85,	219,	57,	163,	246,	121],
[79,	238,	239,	80,	130,	84,	44,	193,	4,	22],
[141,	206,	72,	13,	182,	74,	254,	57,	246,	54],
[54,	74,	211,	246,	72,	6,	87,	57,	133],
[133,	206,	162,	6,	29,	91,	163,	13,	80,	246,	219],
[137,	80,	31,	111,	6,	76,	224,	85,	246],
[114,	213,	40,	87,	246,	72,	115,	138,	78,	196,	205,	163,	137,	128,	16],
[219,	196,	163,	246,	133,	6,	111,	29,	162,	214,	72,	31],
[219,	31,	166,	206,	57,	211,	138,	196],
[16,	6,	192,	206,	138,	225,	163,	72,	87,	91,	162,	13,	166,	89],
[31,	248,	206,	87,	162,	205,	163,	98],
[29,	166,	128,	13,	80,	221,	6,	98,	196,	163,	246,	138,	87],
[175,	169,	4,	22,	84],
[87,	192,	163,	13,	31,	57,	196,	72,	91,	246],
[80],
[137,	246,	205,	115,	206,	57,	197,	80,	163,	13,	6],
[138,	254,	87,	115,	196,	104],
[80],
[163,	166,	182,	214,	98,	80,	31,	206,	6],
[239,	27,	66,	80,	180],
[57,	6,	138,	72,	235,	206,	74,	54,	78,	80,	29],
[213,	57,	6,	214,	9,	87,	206,	31,	115,	219],
[132,	57,	246,	31,	9,	91],
[138,	13,	133,	72,	114,	213,	31,	85,	87,	9],
[57,	133,	127,	254,	246,	80,	72,	7,	29,	163,	166],
[246,	231,	137,	200,	154,	68,	108,	78,	12,	69,	46,	143,	3,	11,	172,	216,	239,	57,	244,	256,	91,	175,	35,	66,	4,	180,	86,	117,	20,	13,	196,	212,	27,	164,	22,	99],
[25,	80,	217,	136,	22,	84,	239],
[98,	78,	141,	213,	166,	163,	219,	6,	115,	138,	246,	114],
[57,	6,	174,	87,	246,	78,	219,	80,	166,	141,	115],
[205,	114,	162,	72,	226,	246,	57,	54,	219,	204],
[213,	7,	9,	246,	196,	57,	29,	111,	163],
[13,	246,	91,	225,	6,	163,	204,	226,	87,	133,	98,	196,	31],
[66,	169,	53,	239,	35,	76,	4,	80,	130,	229,	84],
[57,	115,	138,	6,	13,	121,	213,	72,	87,	31,	206],
[184,	166,	149,	163,	214,	193,	118,	181,	120,	84,	154,	79,	85,	252,	48,	22,	20,	68,	192,	246,	176,	86,	206,	12,	216,	72,	232,	80,	46,	6,	18,	207,	136,	240,	103,	244,	242,	100],
[114,	6,	65,	85,	73,	87,	57,	206,	74,	115,	127,	205],
[174,	6,	141,	196,	29,	204,	87,	219,	206,	246],
[215,	239,	174,	66,	243],
[54,	163,	6,	57,	74],
[],
[155,	80,	143,	27,	206,	122,	130,	178,	212,	229,	6,	101,	193,	240,	239,	201,	163,	157,	31,	160,	217,	49,	83,	123,	128,	166,	117,	108,	179,	4,	140,	60,	146,	118,	18,	84,	138],
[80,	144,	162,	160,	207,	46,	181,	198,	47,	200,	247,	105,	49,	17,	114,	157,	86,	215,	129,	70,	27,	44,	138,	211,	108,	6,	18,	149,	173,	69,	115,	96,	75,	24,	137,	72,	239,	240,	195,	106,	232,	87],
[204,	6,	141,	104,	54,	163,	137,	31,	72,	13],
[],
[84,	201,	146,	93,	158,	179,	163,	70,	8,	154,	26,	4,	118,	31,	149,	117,	72,	164,	69,	6,	49,	216,	240,	71,	153,	230,	223,	255,	161,	214,	50,	63,	176,	99,	200],
[57,	219,	80,	213,	72,	163,	246,	206],
[130,	229,	27,	239],
[6,	254,	163,	80,	246,	250,	138,	57,	115,	196],
[85,	54,	213,	205,	80,	166,	111,	72],
[],
[206,	123,	143,	83,	242,	71,	217,	62,	26,	68,	124,	92,	93,	110,	116,	100,	184,	44,	91,	178,	70,	246,	254,	49,	154,	115,	193,	236,	31,	138,	81,	149,	37,	18,	106,	84,	161,	169],
[6,	76,	78,	196,	111,	57,	29,	254,	138,	235,	115,	250,	206,	72,	162,	219,	163],
[22,	44,	80,	27,	84,	229],
[80],
[27,	80,	210,	229,	175,	22,	44,	239,	76],
[193,	27,	44,	222],
[126,	221,	165,	244,	247,	199,	158,	141,	49,	95,	118,	96,	240,	245,	155,	35,	201,	70,	52,	239,	80,	50,	223,	110,	22,	92,	71,	1,	67,	216,	33,	217,	134,	154,	115,	56,	175,	219,	44,	162,	143,	200,	232,	186],
[],
[57,	54,	179,	143,	79,	108,	216,	70,	52,	185,	229,	148,	149,	87,	206,	240,	105,	73,	217,	86,	190,	38,	222,	88,	68,	56,	246,	199,	37,	69,	33,	121,	4,	80,	255,	183,	22],
[191,	246,	6,	61,	57,	174,	115,	197],
[213,	214,	166,	16,	6,	141,	80,	163,	250,	254],
[76,	180,	80,	195,	88,	84,	175],
[29,	72,	213,	13,	205,	114,	80,	219,	235,	127,	6,	246,	89,	31,	182,	166,	214],
[104,	115,	235,	246,	9,	213,	74,	138],
[141,	78,	221,	6,	196,	206,	57,	182,	219,	144,	138],
[226,	75,	37,	85,	31,	154,	162,	109,	137,	138,	8,	29,	246,	87,	252,	36,	22,	130,	86,	63,	214,	255,	135,	20,	44,	106,	152,	98,	209,	170,	56,	165,	70,	18,	68,	200,	6,	176,	17,	108,	243,	3,	190,	203,	72,	69,	206,	239],
[13,	204,	163,	73,	138,	61,	31,	29,	80],
[206,	141,	219,	166,	196,	115,	31,	80,	6,	61,	29],
[169,	22,	27,	25,	207,	66,	180],
[246,	219,	85,	213,	196,	137,	163,	205,	214,	87],
[],
[72,	80,	87,	196,	76,	159,	221],
[122,	4,	165,	13,	155,	36,	64,	161,	216,	27,	166,	37,	96,	134,	162,	178,	157,	43,	196,	69,	175,	57,	152,	190,	26,	249,	44,	138,	71,	172,	84,	131,	59,	48,	55,	199,	6,	47,	232],
[221,	115,	213,	87,	121,	214,	191,	6,	76],
[],
[41,	115,	250,	4,	29,	234,	134,	154,	84,	70,	110,	128,	163,	143,	44,	118,	62,	201,	149,	216,	18,	153,	173,	69,	80,	117,	186,	183,	226,	6,	136,	214,	26,	90,	184,	246,	87,	75,	212,	56,	64,	157,	127,	9],
[6,	217,	181,	250,	105,	70,	18,	149,	211,	245,	47,	72,	127,	103,	183,	208,	46,	23,	143,	29,	87,	36,	64,	232,	17,	4,	99,	169,	11,	213,	80,	12,	192,	118,	108,	184,	134,	56,	69,	246,	26,	230,	236,	155,	253,	178,	92],
[132,	196,	115,	87,	182,	141,	57,	80,	13,	137,	54],
[57,	196,	72,	204,	138,	191,	192,	246,	164,	213,	163],
[80,	250,	87,	57],
[114,	115,	80,	78,	98,	111,	72,	31,	235,	6,	29],
[35,	4,	58,	80,	239,	27,	44,	84],
[44,	76,	79,	22,	239,	27,	217,	193,	84],
[57,	246,	206,	85,	166,	174,	61],
[229,	76,	130,	84,	88,	80],
[80,	87,	7,	72,	205,	196,	204,	6,	57],
[201,	178,	38,	161,	219,	63,	56,	60,	244,	216,	153,	240,	99,	118,	71,	84,	200,	108,	232,	57,	29,	45,	91,	214,	155,	20,	190,	115,	68,	229,	22,	105,	87,	197,	196],
[69,	57,	111,	26,	214,	143,	242,	44,	206,	68,	240,	120,	244,	8,	197,	56,	72,	181,	98,	17,	87,	6,	30,	246,	229,	141,	3,	49,	166,	178,	175,	129,	149,	213,	167,	27,	84,	152,	63,	43],
[204,	80,	206,	121,	197,	196,	57],
[206,	20,	213,	88,	153,	184,	70,	216,	16,	175,	71,	247,	148,	165,	105,	182,	69,	235,	246,	8,	27,	203,	173,	13,	143,	194,	133,	115,	99,	57,	60,	68,	110,	18,	44,	63,	180,	256,	48],
[222,	25,	119,	19,	216,	84,	31,	57,	219,	125,	215,	4,	164,	26,	16,	38,	105,	154,	54,	146,	37,	246,	115,	196,	255,	83,	214,	169],
[141,	206,	174,	166,	196,	211,	133,	72],
[29,	138,	214,	6,	57,	74,	248,	182,	219],
[219,	91,	98,	57,	192,	137,	248,	197,	141,	80,	246],
[25,	180,	239,	22,	44],
[80,	214,	138,	87,	211,	250,	6,	13,	98,	57,	29,	54],
[54,	91,	141,	144,	29,	115,	31,	87],
[116,	211,	173,	120,	138,	50,	66,	230,	115,	84,	72,	149,	22,	255,	65,	216,	178,	3,	98,	105,	4,	40,	143,	162,	26,	247,	240,	29,	165,	13,	54,	181,	69,	155,	167,	31,	169,	49,	9,	246,	5,	70],
[84,	186,	175,	217,	146,	239,	30],
[149,	106,	249,	133,	154,	178,	240,	70,	87,	45,	247,	9,	246,	63,	85,	29,	73,	4,	200,	35,	72,	118,	231,	68,	11,	163,	196],
[6,	78,	61,	226,	250,	115,	206],
[169,	27,	239,	88,	4,	80],
[54,	72,	164,	16,	206,	182,	196],
[22,	175,	180,	169],
[153,	141,	155,	26,	50,	142,	80,	143,	244,	72,	205,	31,	103,	118,	156,	213,	165,	163,	37,	69,	182,	100,	206,	120,	218,	189,	169,	148,	234,	99,	174,	75,	84,	109,	246,	88,	171,	29,	110,	68],
[78,	162,	214,	254,	6,	72,	206,	246,	163,	174,	111,	248,	80,	29],
[175,	84,	186,	44,	22,	4,	203],
[239,	229,	195,	80],
[134,	99,	252,	106,	37,	250,	190,	18,	158,	31,	161,	95,	2,	92,	255,	217,	57,	170,	115,	219,	48,	256,	136,	240,	108,	67,	242,	153,	154,	228,	80,	226,	68,	64,	200,	247,	81,	105,	246,	143,	133],
[11,	17,	214,	143,	210,	86,	222,	20,	118,	108,	72,	151,	216,	252,	37,	29,	244,	99,	75,	201,	84,	80,	59,	134,	26,	155,	236,	125,	175,	68,	213,	158],
[166,	9,	80,	13,	57,	29,	205,	72,	246,	111],
[87,	37,	200,	110,	18,	129,	254,	72,	134,	154,	228,	38,	232,	40,	124,	84,	197,	180,	213,	241,	120,	122,	221,	118,	80,	246,	93,	218,	163,	206],
[91,	6,	192,	61,	214,	219,	250,	57,	115,	72,	29,	197,	182,	13,	7,	206,	204],
[80],
[127,	235,	13,	166,	226,	132,	115,	31,	182,	29,	72],
[47,	166,	63,	234,	213,	147,	38,	124,	48,	105,	181,	154,	1,	29,	123,	44,	172,	86,	152,	80,	56,	83,	87,	134,	57,	84,	232,	201,	35,	85,	2,	36],
[],
[87,	163,	80,	29,	6,	166,	31,	78,	57,	114,	206,	162,	13],
[126,	181,	71,	106,	115,	78,	138,	23,	182,	92,	80,	26,	213,	124,	255,	87,	103,	161,	105,	134,	151,	56,	183,	19,	214,	131,	4,	153,	219,	118,	37,	137,	239,	11,	201],
[196,	121,	40,	204,	248,	7,	16,	221,	76,	206,	87,	73],
[217,	27,	44,	175,	4,	186],
[207,	217,	44,	195,	229,	193,	27,	130],
[222,	68,	162,	154,	199,	158,	246,	248,	239,	80,	184,	242,	197,	175,	37,	180,	2,	108,	201,	166,	11,	155,	27,	216,	210,	240,	140,	189,	190,	69,	143,	44,	54,	255],
[156,	80,	31,	106,	219,	4,	33,	29,	210,	247,	3,	118,	206,	87,	105,	131,	244,	189,	154,	27,	24,	216,	240,	108,	165,	84,	166,	98,	43,	119,	200,	26,	214,	96,	174,	52,	255],
[53,	27,	243,	238,	217,	175],
[204,	72,	219,	141,	137,	57,	197,	166,	246,	61,	128],
[13,	87,	127,	219,	211,	6,	246,	57],
[214,	250,	78,	246,	74,	137,	206,	6,	29,	80,	163,	76,	87,	213],
[248,	98,	80,	61,	6,	115,	163,	141,	192,	72],
[241,	239,	169,	131,	59,	56,	200,	10,	48,	66,	208,	93,	116,	33,	242,	174,	83,	87,	175,	211,	60,	232,	70,	84,	37,	136,	135,	168,	166,	190,	235,	75,	22,	118,	151,	100,	31,	137,	149,	98,	154],
[57,	213,	206,	13,	225,	214,	219,	196,	138,	29,	87,	115],
[80,	98,	6,	197,	127,	226,	72,	128,	138,	114,	162,	54],
[115,	246,	87,	137,	9,	219,	57,	13,	226],
[26,	190,	66,	93,	96,	9,	240,	37,	115,	31,	196,	118,	46,	165,	181,	79,	87,	68,	98,	155,	214,	70,	55,	117,	149,	238,	166,	86,	143,	186,	52,	29,	18,	69,	56,	178,	142,	6,	108,	71,	48,	154,	169,	105,	232],
[219,	240,	80,	56,	141,	206,	163,	63,	223,	198,	216,	84,	39,	205,	27,	90,	183,	178,	69,	127,	4,	155,	149,	16,	246,	67,	181,	31,	54,	138,	57,	78,	251,	236,	204,	212,	108,	9,	232,	143,	244,	87,	7,	86],
[76],
[141,	57,	80,	72,	166,	29,	219],
[163,	38,	206,	222,	20,	63,	35,	3,	212,	155,	164,	84,	157,	2,	175,	201,	108,	52,	248,	216,	18,	174,	77,	188,	69,	140,	207],
[84,	136,	53,	180,	4],
[87,	137,	213,	6,	141,	78,	57,	205,	219,	206],
[219,	6,	206,	196,	31,	29,	57],
[87,	141,	137,	121,	7,	29,	235,	196,	246,	138,	54,	214,	115,	80],
[163,	110,	165,	122,	75,	240,	228,	68,	56,	30,	232,	210,	54,	88,	24,	72,	175,	134,	213,	105,	181,	234,	216,	162,	26,	141,	143,	116,	9,	99],
[163,	13,	246,	137,	166,	98,	248,	206,	115,	196,	57,	80,	213],
[131,	149,	126,	105,	154,	71,	181,	200,	231,	206,	80,	125,	163,	33,	141,	188,	106,	91,	52,	219,	93,	216,	2,	194,	164,	18,	44,	175,	118,	173,	66,	226,	232,	178,	29,	99,	246],
[80],
[84,	27,	229,	222,	30,	22,	238],
[196,	206,	13,	5,	85,	235,	102,	138],
[200,	232,	70,	178,	166,	206,	152,	216,	4,	228,	62,	188,	217,	86,	43,	164,	31,	16,	246,	193,	153,	143,	37,	73,	194,	183,	169,	233,	87],
[246,	87,	26,	37,	64,	183,	213,	245,	237,	147,	4,	29,	96,	216,	190,	236,	247,	25,	15,	118,	240,	115,	221,	38,	225,	84,	173,	71,	168,	196,	68,	201,	134,	194,	181,	138],
[],
[243,	163,	169,	105,	232,	216,	233,	158,	204,	149,	80,	68,	109,	108,	84,	173,	156,	240,	208,	33,	20,	87,	36,	45,	183,	85,	252,	49,	141,	166,	18,	6,	22,	48,	241,	143,	244,	178,	72],
[27,	175,	76,	243,	222,	4,	66],
[72,	121,	87,	213,	78,	57,	13,	74],
[27,	56,	181,	54,	57,	232,	18,	53,	69,	205,	117,	138,	154,	252,	244,	6,	96,	178,	196,	175,	105,	219,	78,	216,	88,	143,	84,	133,	118,	217,	4,	141,	87,	161,	12,	163,	70,	239,	156,	253,	33],
[79,	136,	84,	169,	193,	66,	44,	239],
[4,	84,	53,	169,	22,	195],
[190,	119,	69,	206,	149,	87,	84,	255,	232,	196,	55,	244,	56,	27,	166,	213,	115,	138,	189,	219,	126,	210,	178,	217,	29,	4,	250,	44,	163,	162,	208,	128,	231],
[78,	57,	214,	246,	73,	205,	29,	74,	80,	138],
[80],
[91,	211,	219,	213,	111,	32,	214,	127,	29,	206],
[30,	84,	44,	175,	239,	160],
[206,	163,	115,	87,	246,	219,	166,	121,	138,	250],
[214,	57,	31,	80,	174,	206,	192],
[163,	137,	164,	205,	138,	57,	182,	80],
[44,	239,	4,	193],
[27,	186,	25,	84,	44],
[76],
[],
[13,	246,	219,	214,	87,	163,	115,	6],
[115,	80,	78,	206,	250,	31,	246,	13,	248,	74],
[38,	229,	175,	4,	37,	70,	147,	190,	206,	207,	143,	154,	105,	77,	69,	233,	239,	135,	99,	95,	209,	84,	26,	78,	66,	189,	118,	200,	44,	172,	18,	148,	149,	246,	238,	214,	183],
[163,	80,	57,	137,	206,	9,	182,	13,	61,	6,	29],
[],
[2,	206,	27,	154,	138,	216,	110,	196,	106,	180,	73,	205,	143,	44,	78,	197,	68,	181,	84,	234,	219,	169,	105,	193,	233,	183,	90,	163,	38,	49,	178,	76,	170,	214,	86,	31,	39],
[27,	180,	4,	79,	80,	193,	53],
[163,	31,	78,	57,	138,	219,	206],
[78,	206,	196,	111,	246,	72],
[],
[70,	27,	149,	96,	118,	219,	153,	216,	18,	75,	181,	88,	138,	135,	239,	253,	63,	163,	213,	80,	49,	223,	155,	99,	105,	200,	29,	4,	130,	84],
[195,	87,	200,	167,	206,	124,	232,	26,	134,	36,	186,	154,	205,	189,	196,	38,	108,	53,	86,	161,	68,	172,	69,	240,	64,	219,	147,	57,	29,	246,	62],
[27,	35,	4],
[79,	80,	66,	15,	35,	203,	44],
[57,	72,	9,	102,	80,	214,	250,	87,	206],
[88,	136,	44,	84,	210,	195],
[86,	216,	189,	137,	120,	213,	37,	222,	246,	160,	143,	14,	133,	238,	4,	99,	173,	166,	118,	56,	169,	211,	78,	138,	49,	91,	72,	84,	77,	130,	61,	90,	24,	206],
[132,	213,	211,	206,	13,	128,	57,	31],
[98,	87,	226,	111,	182,	250,	76,	225,	224],
[154,	24,	216,	157,	44,	175,	37,	19,	161,	83,	141,	109,	225,	68,	134,	123,	57,	3,	72,	70,	240,	206,	219,	18,	194,	87,	52,	178,	232,	64,	181,	189,	149,	122,	54,	136],
[180,	80,	66,	211,	215,	79,	35,	186,	44,	4,	203],
[29,	192,	80,	65,	206,	78,	196,	87],
[80,	163,	206,	171,	91,	111,	87],
[115,	235,	57,	196,	206,	34],
[80,	141,	166,	219,	246,	98,	40,	213],
[213,	6,	13,	57,	226,	121],
[196,	164,	13,	219,	114,	214,	137,	87,	29,	6,	206],
[252,	14,	208,	17,	87,	181,	254,	223,	198,	115,	174,	70,	71,	215,	161,	105,	189,	136,	7,	210,	238,	6,	233,	164,	103,	214,	244,	152,	218,	217,	48,	80,	132,	123,	61,	192,	143,	95,	228,	133,	63,	109,	108,	117],
[80,	66,	27,	53],
[141,	6,	219,	61,	87,	91,	246,	80,	196,	213],
[174],
[80,	254,	248,	31,	137,	141,	138,	111,	219,	197,	29,	206,	87],
[180,	27,	175,	22,	239,	76,	195],
[6,	164,	91,	206,	214,	213,	163,	204,	196,	226,	34,	13,	141,	16],
[184,	158,	35,	244,	55,	31,	44,	86,	140,	118,	52,	190,	81,	68,	87,	232,	212,	196,	141,	4,	46,	208,	8,	37,	23,	53,	178,	84,	240,	3,	12,	33,	249,	110,	114,	206,	22,	186,	18,	154,	1,	236,	155,	173,	182,	29,	43,	143],
[],
[9,	104,	163,	6,	13,	206,	73,	221,	87],
[72,	13,	133,	115,	166,	29,	16,	31,	127],
[213,	196,	206,	87,	164,	115,	6,	121,	57,	29],
[44,	169,	130,	239,	66,	175,	160,	80,	84],
[192,	155,	167,	154,	70,	240,	52,	49,	152,	80,	181,	6,	188,	78,	229,	101,	76,	27,	108,	50,	72,	54,	18,	134,	184,	29,	234,	176,	86,	87,	84,	4,	105,	136],
[213,	31,	137,	87,	32,	57,	219,	138,	246,	127],
[87,	226,	196,	213,	163,	76,	13,	57,	137],
[216,	240,	173,	169,	63,	239,	119,	22,	74,	38,	70,	105,	72,	214,	200,	151,	170,	37,	110,	130,	57,	69,	182,	29,	149,	252,	138,	246,	242,	207,	9,	213,	98,	87,	80,	118],
[4,	169,	66,	35,	27,	84],
[246,	196,	57,	72,	166,	138,	54,	87,	191,	13,	163,	29],
[6,	246,	57,	166,	16,	138,	76,	206,	115,	114,	141,	182],
[29,	87,	6,	206,	138,	57,	226],
[84,	222,	193,	35,	169,	27,	79,	80,	180],
[239,	84,	175,	44,	76,	88],
[169,	117,	56,	100,	148,	255,	49,	18,	13,	143,	105,	212,	39,	27,	54,	26,	98,	109,	214,	178,	165,	134,	44,	69,	85,	247,	35,	181,	20,	135,	76,	246,	19,	16,	106,	37,	63,	59,	4,	213,	245,	7],
[178,	66,	194,	115,	57,	232,	197,	242,	143,	80,	248,	44,	179,	87,	162,	165,	4,	84,	27,	118,	3,	114,	163,	117,	31,	152,	216,	154,	29,	217,	108,	37,	49,	155,	56,	72,	151,	83,	9],
[119,	37,	29,	137,	25,	170,	36,	6,	149,	70,	255,	155,	178,	105,	228,	49,	14,	145,	133,	206,	33,	72,	248,	143,	80,	116,	147,	246,	12,	1,	54,	52,	165,	142,	175,	136,	118,	24,	181,	69,	68,	55,	16,	219,	38],
[47,	36,	16,	100,	196,	99,	72,	71,	53,	18,	13,	149,	136,	22,	146,	170,	217,	69,	105,	206,	240,	20,	127,	135,	60,	209,	160,	6,	242,	167,	214,	129,	95,	194,	219,	238,	156,	84,	210,	175],
[246,	115,	16,	248,	78,	166,	206,	73,	192,	76,	128],
[88,	186,	169,	203,	84,	4,	22,	217],
[12,	56,	245,	149,	44,	13,	216,	250,	114,	105,	33,	224,	194,	244,	54,	49,	208,	130,	120,	72,	180,	118,	37,	69,	4,	66,	86,	178,	99,	134,	214,	68,	153,	63,	173,	75,	18,	203,	181],
[213,	127,	246,	6,	138,	80,	137],
[104,	128,	166,	9,	6,	72,	98,	163,	87,	57,	219],
[61,	162,	87,	31,	163,	206],
[195,	136,	22,	169],
[246,	31,	72,	115,	29,	164,	91,	54,	219,	141,	214],
[214,	213,	80,	29,	91,	98,	128,	196,	72,	206,	246],
[137,	219,	57,	72,	127,	214,	111,	164,	248,	246,	196,	87,	213],
[214,	111,	91,	196,	31,	192,	246],
[197,	80,	6,	115,	141,	225,	29,	163,	57,	138,	213,	98,	205,	87,	72,	246],
[27,	169,	80,	4,	222,	239,	84],
[87,	137,	6,	138,	80,	246,	74,	40],
[239,	217,	27,	180,	76,	4,	88,	84],
[40,	29,	213,	87,	72,	248,	138,	219,	250,	205,	115],
[5,	72,	73,	87,	57,	197,	141,	80,	115,	163,	219,	6],
[37,	244,	178,	209,	59,	228,	63,	23,	232,	99,	26,	155,	177,	86,	143,	68,	50,	183,	152,	142,	71,	216,	190,	70,	124,	149,	154,	241,	103,	255,	161,	95,	148],
[36,	153,	64,	183,	188,	150,	23,	134,	170,	26,	2,	155,	120,	154,	14,	148,	177,	95,	242,	253,	149,	108,	70],
[18,	212,	154,	120,	149,	93,	155,	56,	231,	255,	28,	178,	134,	200,	2,	170,	38,	48,	95,	36,	70,	47,	118,	68,	244,	143],
[105,	129,	56,	87,	143,	70,	155,	212,	71,	17,	106,	246,	240,	12,	99,	192,	149,	214,	213,	208,	253,	206,	37,	165,	72,	178,	219],
[139,	230,	124,	36,	240,	93,	143,	216,	244,	77,	161,	176,	118,	173,	232,	96,	155,	108,	156,	110,	247,	26,	149,	181,	17],
[37,	242,	170,	56,	118,	178,	86,	240,	18,	49,	135,	247,	69,	26,	105,	55,	24,	50,	200,	244,	181,	201,	151],
[19,	136,	192,	23,	221,	153,	84,	8,	217,	44,	72,	230,	126,	26,	125,	196,	27,	86,	155,	11,	255,	83,	240,	137,	143,	117,	57,	152,	29,	198,	6,	88,	48,	120,	53,	132,	85],
[115,	83,	72,	136,	6,	251,	56,	11,	70,	27,	149,	157,	209,	37,	178,	165,	175,	57,	147,	33,	87,	183,	4,	216,	189,	225,	206,	181,	36,	180,	130,	198,	77,	163,	80,	240,	105,	155,	132,	68,	234,	95,	26,	186,	196,	244,	84],
[130,	135,	55,	1,	50,	15,	175,	169,	86,	2,	4,	59,	64,	99,	228,	198,	216,	240,	24,	186,	170,	70,	178,	69,	232,	43,	244,	44,	184,	52,	199,	189,	152,	241,	161,	71],
[105,	56,	252,	155,	226,	184,	87,	99,	216,	108,	6,	59,	149,	249,	240,	91,	143,	214,	161,	221,	223,	68,	86,	52,	110,	85],
[240,	216,	165,	57,	252,	208,	154,	213,	156,	147,	153,	86,	244,	94,	24,	31,	68,	105,	226,	61,	36,	187,	101],
[75,	105,	213,	143,	118,	38,	147,	216,	57,	163,	68,	56,	47,	100,	115,	255,	119,	72,	108,	46,	138,	77,	196,	247,	69,	226,	208,	219,	114,	166,	125,	70,	36]]
[[1,	1,	1,	1,	1,	1,	1,	1,	1,	1,	1,	1,	1,	1,	1,	1,	1,	1,	1,	1,	1,	1,	1,	1,	1,	1,	1,	1,	1,	1,	1,	1,	1,	1,	1,	1,	1,	1,	1,	1,	1,	1,	1],
[1,	1,	1,	1,	1,	1,	1,	1,	1,	1,	1],
[1,	1,	1,	1,	1,	1],
[1,	1,	1,	1,	1,	1],
[1,	1,	1,	1,	1,	1,	1,	1],
[1,	1,	1,	1,	1,	1],
[1,	1,	1,	1],
[1,	1,	1,	1,	1,	1,	1,	1,	1],
[1,	1,	1,	1],
[1,	1,	1,	1,	1,	1,	1,	1,	1,	1,	1,	1,	1,	1,	1,	1,	1,	1,	1,	1,	1,	1,	1,	1,	1,	1,	1,	1,	1,	1,	1,	1,	1,	1],
[1,	1,	1,	1,	1,	1,	1,	1,	1,	1,	1,	1],
[1,	1,	1,	1,	1,	1,	1,	1,	1,	1,	1,	1,	1,	1,	1,	1,	1,	1,	1,	1,	1,	1,	1,	1,	1,	1,	1,	1,	1,	1,	1,	1,	1,	1,	1],
[1,	1,	1,	1,	1,	1,	1,	1,	1,	1,	1,	1,	1,	1,	1,	1,	1,	1,	1,	1,	1,	1,	1,	1,	1,	1,	1,	1,	1,	1,	1,	1,	1,	1,	1,	1,	1,	1],
[1,	1,	1,	1,	1,	1,	1,	1,	1],
[1,	1,	1,	1,	1,	1,	1,	1,	1,	1,	1,	1],
[1,	1],
[1,	1,	1,	1,	1,	1,	1],
[1,	1,	1,	1,	1,	1,	1,	1,	1,	1],
[1,	1,	1,	1,	1,	1,	1,	1,	1,	1],
[1,	1,	1,	1,	1,	1,	1,	1,	1],
[1,	1,	1,	1,	1,	1,	1,	1,	1,	1,	1],
[1,	1,	1,	1,	1,	1,	1,	1,	1],
[1,	1,	1,	1,	1,	1,	1,	1,	1,	1,	1,	1,	1,	1,	1],
[1,	1,	1,	1,	1,	1,	1,	1,	1,	1,	1,	1],
[1,	1,	1,	1,	1,	1,	1,	1],
[1,	1,	1,	1,	1,	1,	1,	1,	1,	1,	1,	1,	1,	1],
[1,	1,	1,	1,	1,	1,	1,	1],
[1,	1,	1,	1,	1,	1,	1,	1,	1,	1,	1,	1,	1],
[1,	1,	1,	1,	1],
[1,	1,	1,	1,	1,	1,	1,	1,	1,	1],
[1],
[1,	1,	1,	1,	1,	1,	1,	1,	1,	1,	1],
[1,	1,	1,	1,	1,	1],
[1],
[1,	1,	1,	1,	1,	1,	1,	1,	1],
[1,	1,	1,	1,	1],
[1,	1,	1,	1,	1,	1,	1,	1,	1,	1,	1],
[1,	1,	1,	1,	1,	1,	1,	1,	1,	1],
[1,	1,	1,	1,	1,	1],
[1,	1,	1,	1,	1,	1,	1,	1,	1,	1],
[1,	1,	1,	1,	1,	1,	1,	1,	1,	1,	1],
[1,	1,	1,	1,	1,	1,	1,	1,	1,	1,	1,	1,	1,	1,	1,	1,	1,	1,	1,	1,	1,	1,	1,	1,	1,	1,	1,	1,	1,	1,	1,	1,	1,	1,	1,	1],
[1,	1,	1,	1,	1,	1,	1],
[1,	1,	1,	1,	1,	1,	1,	1,	1,	1,	1,	1],
[1,	1,	1,	1,	1,	1,	1,	1,	1,	1,	1],
[1,	1,	1,	1,	1,	1,	1,	1,	1,	1],
[1,	1,	1,	1,	1,	1,	1,	1,	1],
[1,	1,	1,	1,	1,	1,	1,	1,	1,	1,	1,	1,	1],
[1,	1,	1,	1,	1,	1,	1,	1,	1,	1,	1],
[1,	1,	1,	1,	1,	1,	1,	1,	1,	1,	1],
[1,	1,	1,	1,	1,	1,	1,	1,	1,	1,	1,	1,	1,	1,	1,	1,	1,	1,	1,	1,	1,	1,	1,	1,	1,	1,	1,	1,	1,	1,	1,	1,	1,	1,	1,	1,	1,	1],
[1,	1,	1,	1,	1,	1,	1,	1,	1,	1,	1,	1],
[1,	1,	1,	1,	1,	1,	1,	1,	1,	1],
[1,	1,	1,	1,	1],
[1,	1,	1,	1,	1],
[],
[1,	1,	1,	1,	1,	1,	1,	1,	1,	1,	1,	1,	1,	1,	1,	1,	1,	1,	1,	1,	1,	1,	1,	1,	1,	1,	1,	1,	1,	1,	1,	1,	1,	1,	1,	1,	1],
[1,	1,	1,	1,	1,	1,	1,	1,	1,	1,	1,	1,	1,	1,	1,	1,	1,	1,	1,	1,	1,	1,	1,	1,	1,	1,	1,	1,	1,	1,	1,	1,	1,	1,	1,	1,	1,	1,	1,	1,	1,	1],
[1,	1,	1,	1,	1,	1,	1,	1,	1,	1],
[],
[1,	1,	1,	1,	1,	1,	1,	1,	1,	1,	1,	1,	1,	1,	1,	1,	1,	1,	1,	1,	1,	1,	1,	1,	1,	1,	1,	1,	1,	1,	1,	1,	1,	1,	1],
[1,	1,	1,	1,	1,	1,	1,	1],
[1,	1,	1,	1],
[1,	1,	1,	1,	1,	1,	1,	1,	1,	1],
[1,	1,	1,	1,	1,	1,	1,	1],
[],
[1,	1,	1,	1,	1,	1,	1,	1,	1,	1,	1,	1,	1,	1,	1,	1,	1,	1,	1,	1,	1,	1,	1,	1,	1,	1,	1,	1,	1,	1,	1,	1,	1,	1,	1,	1,	1,	1],
[1,	1,	1,	1,	1,	1,	1,	1,	1,	1,	1,	1,	1,	1,	1,	1,	1],
[1,	1,	1,	1,	1,	1],
[1],
[1,	1,	1,	1,	1,	1,	1,	1,	1],
[1,	1,	1,	1],
[1,	1,	1,	1,	1,	1,	1,	1,	1,	1,	1,	1,	1,	1,	1,	1,	1,	1,	1,	1,	1,	1,	1,	1,	1,	1,	1,	1,	1,	1,	1,	1,	1,	1,	1,	1,	1,	1,	1,	1,	1,	1,	1,	1],
[],
[1,	1,	1,	1,	1,	1,	1,	1,	1,	1,	1,	1,	1,	1,	1,	1,	1,	1,	1,	1,	1,	1,	1,	1,	1,	1,	1,	1,	1,	1,	1,	1,	1,	1,	1,	1,	1],
[1,	1,	1,	1,	1,	1,	1,	1],
[1,	1,	1,	1,	1,	1,	1,	1,	1,	1],
[1,	1,	1,	1,	1,	1,	1],
[1,	1,	1,	1,	1,	1,	1,	1,	1,	1,	1,	1,	1,	1,	1,	1,	1],
[1,	1,	1,	1,	1,	1,	1,	1],
[1,	1,	1,	1,	1,	1,	1,	1,	1,	1,	1],
[1,	1,	1,	1,	1,	1,	1,	1,	1,	1,	1,	1,	1,	1,	1,	1,	1,	1,	1,	1,	1,	1,	1,	1,	1,	1,	1,	1,	1,	1,	1,	1,	1,	1,	1,	1,	1,	1,	1,	1,	1,	1,	1,	1,	1,	1,	1,	1],
[1,	1,	1,	1,	1,	1,	1,	1,	1],
[1,	1,	1,	1,	1,	1,	1,	1,	1,	1,	1],
[1,	1,	1,	1,	1,	1,	1],
[1,	1,	1,	1,	1,	1,	1,	1,	1,	1],
[],
[1,	1,	1,	1,	1,	1,	1],
[1,	1,	1,	1,	1,	1,	1,	1,	1,	1,	1,	1,	1,	1,	1,	1,	1,	1,	1,	1,	1,	1,	1,	1,	1,	1,	1,	1,	1,	1,	1,	1,	1,	1,	1,	1,	1,	1,	1],
[1,	1,	1,	1,	1,	1,	1,	1,	1],
[],
[1,	1,	1,	1,	1,	1,	1,	1,	1,	1,	1,	1,	1,	1,	1,	1,	1,	1,	1,	1,	1,	1,	1,	1,	1,	1,	1,	1,	1,	1,	1,	1,	1,	1,	1,	1,	1,	1,	1,	1,	1,	1,	1,	1],
[1,	1,	1,	1,	1,	1,	1,	1,	1,	1,	1,	1,	1,	1,	1,	1,	1,	1,	1,	1,	1,	1,	1,	1,	1,	1,	1,	1,	1,	1,	1,	1,	1,	1,	1,	1,	1,	1,	1,	1,	1,	1,	1,	1,	1,	1,	1],
[1,	1,	1,	1,	1,	1,	1,	1,	1,	1,	1],
[1,	1,	1,	1,	1,	1,	1,	1,	1,	1,	1],
[1,	1,	1,	1],
[1,	1,	1,	1,	1,	1,	1,	1,	1,	1,	1],
[1,	1,	1,	1,	1,	1,	1,	1],
[1,	1,	1,	1,	1,	1,	1,	1,	1],
[1,	1,	1,	1,	1,	1,	1],
[1,	1,	1,	1,	1,	1],
[1,	1,	1,	1,	1,	1,	1,	1,	1],
[1,	1,	1,	1,	1,	1,	1,	1,	1,	1,	1,	1,	1,	1,	1,	1,	1,	1,	1,	1,	1,	1,	1,	1,	1,	1,	1,	1,	1,	1,	1,	1,	1,	1,	1],
[1,	1,	1,	1,	1,	1,	1,	1,	1,	1,	1,	1,	1,	1,	1,	1,	1,	1,	1,	1,	1,	1,	1,	1,	1,	1,	1,	1,	1,	1,	1,	1,	1,	1,	1,	1,	1,	1,	1,	1],
[1,	1,	1,	1,	1,	1,	1],
[1,	1,	1,	1,	1,	1,	1,	1,	1,	1,	1,	1,	1,	1,	1,	1,	1,	1,	1,	1,	1,	1,	1,	1,	1,	1,	1,	1,	1,	1,	1,	1,	1,	1,	1,	1,	1,	1,	1],
[1,	1,	1,	1,	1,	1,	1,	1,	1,	1,	1,	1,	1,	1,	1,	1,	1,	1,	1,	1,	1,	1,	1,	1,	1,	1,	1,	1],
[1,	1,	1,	1,	1,	1,	1,	1],
[1,	1,	1,	1,	1,	1,	1,	1,	1],
[1,	1,	1,	1,	1,	1,	1,	1,	1,	1,	1],
[1,	1,	1,	1,	1],
[1,	1,	1,	1,	1,	1,	1,	1,	1,	1,	1,	1],
[1,	1,	1,	1,	1,	1,	1,	1],
[1,	1,	1,	1,	1,	1,	1,	1,	1,	1,	1,	1,	1,	1,	1,	1,	1,	1,	1,	1,	1,	1,	1,	1,	1,	1,	1,	1,	1,	1,	1,	1,	1,	1,	1,	1,	1,	1,	1,	1,	1,	1],
[1,	1,	1,	1,	1,	1,	1],
[1,	1,	1,	1,	1,	1,	1,	1,	1,	1,	1,	1,	1,	1,	1,	1,	1,	1,	1,	1,	1,	1,	1,	1,	1,	1,	1],
[1,	1,	1,	1,	1,	1,	1],
[1,	1,	1,	1,	1,	1],
[1,	1,	1,	1,	1,	1,	1],
[1,	1,	1,	1],
[1,	1,	1,	1,	1,	1,	1,	1,	1,	1,	1,	1,	1,	1,	1,	1,	1,	1,	1,	1,	1,	1,	1,	1,	1,	1,	1,	1,	1,	1,	1,	1,	1,	1,	1,	1,	1,	1,	1,	1],
[1,	1,	1,	1,	1,	1,	1,	1,	1,	1,	1,	1,	1,	1],
[1,	1,	1,	1,	1,	1,	1],
[1,	1,	1,	1],
[1,	1,	1,	1,	1,	1,	1,	1,	1,	1,	1,	1,	1,	1,	1,	1,	1,	1,	1,	1,	1,	1,	1,	1,	1,	1,	1,	1,	1,	1,	1,	1,	1,	1,	1,	1,	1,	1,	1,	1,	1],
[1,	1,	1,	1,	1,	1,	1,	1,	1,	1,	1,	1,	1,	1,	1,	1,	1,	1,	1,	1,	1,	1,	1,	1,	1,	1,	1,	1,	1,	1,	1,	1],
[1,	1,	1,	1,	1,	1,	1,	1,	1,	1],
[1,	1,	1,	1,	1,	1,	1,	1,	1,	1,	1,	1,	1,	1,	1,	1,	1,	1,	1,	1,	1,	1,	1,	1,	1,	1,	1,	1,	1,	1],
[1,	1,	1,	1,	1,	1,	1,	1,	1,	1,	1,	1,	1,	1,	1,	1,	1],
[1],
[1,	1,	1,	1,	1,	1,	1,	1,	1,	1,	1],
[1,	1,	1,	1,	1,	1,	1,	1,	1,	1,	1,	1,	1,	1,	1,	1,	1,	1,	1,	1,	1,	1,	1,	1,	1,	1,	1,	1,	1,	1,	1,	1],
[],
[1,	1,	1,	1,	1,	1,	1,	1,	1,	1,	1,	1,	1],
[1,	1,	1,	1,	1,	1,	1,	1,	1,	1,	1,	1,	1,	1,	1,	1,	1,	1,	1,	1,	1,	1,	1,	1,	1,	1,	1,	1,	1,	1,	1,	1,	1,	1,	1],
[1,	1,	1,	1,	1,	1,	1,	1,	1,	1,	1,	1],
[1,	1,	1,	1,	1,	1],
[1,	1,	1,	1,	1,	1,	1,	1],
[1,	1,	1,	1,	1,	1,	1,	1,	1,	1,	1,	1,	1,	1,	1,	1,	1,	1,	1,	1,	1,	1,	1,	1,	1,	1,	1,	1,	1,	1,	1,	1,	1,	1],
[1,	1,	1,	1,	1,	1,	1,	1,	1,	1,	1,	1,	1,	1,	1,	1,	1,	1,	1,	1,	1,	1,	1,	1,	1,	1,	1,	1,	1,	1,	1,	1,	1,	1,	1,	1,	1],
[1,	1,	1,	1,	1,	1],
[1,	1,	1,	1,	1,	1,	1,	1,	1,	1,	1],
[1,	1,	1,	1,	1,	1,	1,	1],
[1,	1,	1,	1,	1,	1,	1,	1,	1,	1,	1,	1,	1,	1],
[1,	1,	1,	1,	1,	1,	1,	1,	1,	1],
[1,	1,	1,	1,	1,	1,	1,	1,	1,	1,	1,	1,	1,	1,	1,	1,	1,	1,	1,	1,	1,	1,	1,	1,	1,	1,	1,	1,	1,	1,	1,	1,	1,	1,	1,	1,	1,	1,	1,	1,	1],
[1,	1,	1,	1,	1,	1,	1,	1,	1,	1,	1,	1],
[1,	1,	1,	1,	1,	1,	1,	1,	1,	1,	1,	1],
[1,	1,	1,	1,	1,	1,	1,	1,	1],
[1,	1,	1,	1,	1,	1,	1,	1,	1,	1,	1,	1,	1,	1,	1,	1,	1,	1,	1,	1,	1,	1,	1,	1,	1,	1,	1,	1,	1,	1,	1,	1,	1,	1,	1,	1,	1,	1,	1,	1,	1,	1,	1,	1,	1],
[1,	1,	1,	1,	1,	1,	1,	1,	1,	1,	1,	1,	1,	1,	1,	1,	1,	1,	1,	1,	1,	1,	1,	1,	1,	1,	1,	1,	1,	1,	1,	1,	1,	1,	1,	1,	1,	1,	1,	1,	1,	1,	1,	1],
[1],
[1,	1,	1,	1,	1,	1,	1],
[1,	1,	1,	1,	1,	1,	1,	1,	1,	1,	1,	1,	1,	1,	1,	1,	1,	1,	1,	1,	1,	1,	1,	1,	1,	1,	1],
[1,	1,	1,	1,	1],
[1,	1,	1,	1,	1,	1,	1,	1,	1,	1],
[1,	1,	1,	1,	1,	1,	1],
[1,	1,	1,	1,	1,	1,	1,	1,	1,	1,	1,	1,	1,	1],
[1,	1,	1,	1,	1,	1,	1,	1,	1,	1,	1,	1,	1,	1,	1,	1,	1,	1,	1,	1,	1,	1,	1,	1,	1,	1,	1,	1,	1,	1],
[1,	1,	1,	1,	1,	1,	1,	1,	1,	1,	1,	1,	1],
[1,	1,	1,	1,	1,	1,	1,	1,	1,	1,	1,	1,	1,	1,	1,	1,	1,	1,	1,	1,	1,	1,	1,	1,	1,	1,	1,	1,	1,	1,	1,	1,	1,	1,	1,	1,	1],
[1],
[1,	1,	1,	1,	1,	1,	1],
[1,	1,	1,	1,	1,	1,	1,	1],
[1,	1,	1,	1,	1,	1,	1,	1,	1,	1,	1,	1,	1,	1,	1,	1,	1,	1,	1,	1,	1,	1,	1,	1,	1,	1,	1,	1,	1],
[1,	1,	1,	1,	1,	1,	1,	1,	1,	1,	1,	1,	1,	1,	1,	1,	1,	1,	1,	1,	1,	1,	1,	1,	1,	1,	1,	1,	1,	1,	1,	1,	1,	1,	1,	1],
[],
[1,	1,	1,	1,	1,	1,	1,	1,	1,	1,	1,	1,	1,	1,	1,	1,	1,	1,	1,	1,	1,	1,	1,	1,	1,	1,	1,	1,	1,	1,	1,	1,	1,	1,	1,	1,	1,	1,	1],
[1,	1,	1,	1,	1,	1,	1],
[1,	1,	1,	1,	1,	1,	1,	1],
[1,	1,	1,	1,	1,	1,	1,	1,	1,	1,	1,	1,	1,	1,	1,	1,	1,	1,	1,	1,	1,	1,	1,	1,	1,	1,	1,	1,	1,	1,	1,	1,	1,	1,	1,	1,	1,	1,	1,	1,	1],
[1,	1,	1,	1,	1,	1,	1,	1],
[1,	1,	1,	1,	1,	1],
[1,	1,	1,	1,	1,	1,	1,	1,	1,	1,	1,	1,	1,	1,	1,	1,	1,	1,	1,	1,	1,	1,	1,	1,	1,	1,	1,	1,	1,	1,	1,	1,	1],
[1,	1,	1,	1,	1,	1,	1,	1,	1,	1],
[1],
[1,	1,	1,	1,	1,	1,	1,	1,	1,	1],
[1,	1,	1,	1,	1,	1],
[1,	1,	1,	1,	1,	1,	1,	1,	1,	1],
[1,	1,	1,	1,	1,	1,	1],
[1,	1,	1,	1,	1,	1,	1,	1],
[1,	1,	1,	1],
[1,	1,	1,	1,	1],
[1],
[],
[1,	1,	1,	1,	1,	1,	1,	1],
[1,	1,	1,	1,	1,	1,	1,	1,	1,	1],
[1,	1,	1,	1,	1,	1,	1,	1,	1,	1,	1,	1,	1,	1,	1,	1,	1,	1,	1,	1,	1,	1,	1,	1,	1,	1,	1,	1,	1,	1,	1,	1,	1,	1,	1,	1,	1],
[1,	1,	1,	1,	1,	1,	1,	1,	1,	1,	1],
[],
[1,	1,	1,	1,	1,	1,	1,	1,	1,	1,	1,	1,	1,	1,	1,	1,	1,	1,	1,	1,	1,	1,	1,	1,	1,	1,	1,	1,	1,	1,	1,	1,	1,	1,	1,	1,	1],
[1,	1,	1,	1,	1,	1,	1],
[1,	1,	1,	1,	1,	1,	1],
[1,	1,	1,	1,	1,	1],
[],
[1,	1,	1,	1,	1,	1,	1,	1,	1,	1,	1,	1,	1,	1,	1,	1,	1,	1,	1,	1,	1,	1,	1,	1,	1,	1,	1,	1,	1,	1],
[1,	1,	1,	1,	1,	1,	1,	1,	1,	1,	1,	1,	1,	1,	1,	1,	1,	1,	1,	1,	1,	1,	1,	1,	1,	1,	1,	1,	1,	1,	1],
[1,	1,	1],
[1,	1,	1,	1,	1,	1,	1],
[1,	1,	1,	1,	1,	1,	1,	1,	1],
[1,	1,	1,	1,	1,	1],
[1,	1,	1,	1,	1,	1,	1,	1,	1,	1,	1,	1,	1,	1,	1,	1,	1,	1,	1,	1,	1,	1,	1,	1,	1,	1,	1,	1,	1,	1,	1,	1,	1,	1],
[1,	1,	1,	1,	1,	1,	1,	1],
[1,	1,	1,	1,	1,	1,	1,	1,	1],
[1,	1,	1,	1,	1,	1,	1,	1,	1,	1,	1,	1,	1,	1,	1,	1,	1,	1,	1,	1,	1,	1,	1,	1,	1,	1,	1,	1,	1,	1,	1,	1,	1,	1,	1,	1],
[1,	1,	1,	1,	1,	1,	1,	1,	1,	1,	1],
[1,	1,	1,	1,	1,	1,	1,	1],
[1,	1,	1,	1,	1,	1,	1],
[1,	1,	1,	1,	1,	1],
[1,	1,	1,	1,	1,	1,	1,	1],
[1,	1,	1,	1,	1,	1],
[1,	1,	1,	1,	1,	1,	1,	1,	1,	1,	1],
[1,	1,	1,	1,	1,	1,	1,	1,	1,	1,	1,	1,	1,	1,	1,	1,	1,	1,	1,	1,	1,	1,	1,	1,	1,	1,	1,	1,	1,	1,	1,	1,	1,	1,	1,	1,	1,	1,	1,	1,	1,	1,	1,	1],
[1,	1,	1,	1],
[1,	1,	1,	1,	1,	1,	1,	1,	1,	1],
[1],
[1,	1,	1,	1,	1,	1,	1,	1,	1,	1,	1,	1,	1],
[1,	1,	1,	1,	1,	1,	1],
[1,	1,	1,	1,	1,	1,	1,	1,	1,	1,	1,	1,	1,	1],
[1,	1,	1,	1,	1,	1,	1,	1,	1,	1,	1,	1,	1,	1,	1,	1,	1,	1,	1,	1,	1,	1,	1,	1,	1,	1,	1,	1,	1,	1,	1,	1,	1,	1,	1,	1,	1,	1,	1,	1,	1,	1,	1,	1,	1,	1,	1,	1],
[],
[1,	1,	1,	1,	1,	1,	1,	1,	1],
[1,	1,	1,	1,	1,	1,	1,	1,	1],
[1,	1,	1,	1,	1,	1,	1,	1,	1,	1],
[1,	1,	1,	1,	1,	1,	1,	1,	1],
[1,	1,	1,	1,	1,	1,	1,	1,	1,	1,	1,	1,	1,	1,	1,	1,	1,	1,	1,	1,	1,	1,	1,	1,	1,	1,	1,	1,	1,	1,	1,	1,	1,	1],
[1,	1,	1,	1,	1,	1,	1,	1,	1,	1],
[1,	1,	1,	1,	1,	1,	1,	1,	1],
[1,	1,	1,	1,	1,	1,	1,	1,	1,	1,	1,	1,	1,	1,	1,	1,	1,	1,	1,	1,	1,	1,	1,	1,	1,	1,	1,	1,	1,	1,	1,	1,	1,	1,	1,	1],
[1,	1,	1,	1,	1,	1],
[1,	1,	1,	1,	1,	1,	1,	1,	1,	1,	1,	1],
[1,	1,	1,	1,	1,	1,	1,	1,	1,	1,	1,	1],
[1,	1,	1,	1,	1,	1,	1],
[1,	1,	1,	1,	1,	1,	1,	1,	1],
[1,	1,	1,	1,	1,	1],
[1,	1,	1,	1,	1,	1,	1,	1,	1,	1,	1,	1,	1,	1,	1,	1,	1,	1,	1,	1,	1,	1,	1,	1,	1,	1,	1,	1,	1,	1,	1,	1,	1,	1,	1,	1,	1,	1,	1,	1,	1,	1],
[1,	1,	1,	1,	1,	1,	1,	1,	1,	1,	1,	1,	1,	1,	1,	1,	1,	1,	1,	1,	1,	1,	1,	1,	1,	1,	1,	1,	1,	1,	1,	1,	1,	1,	1,	1,	1,	1,	1],
[1,	1,	1,	1,	1,	1,	1,	1,	1,	1,	1,	1,	1,	1,	1,	1,	1,	1,	1,	1,	1,	1,	1,	1,	1,	1,	1,	1,	1,	1,	1,	1,	1,	1,	1,	1,	1,	1,	1,	1,	1,	1,	1,	1,	1],
[1,	1,	1,	1,	1,	1,	1,	1,	1,	1,	1,	1,	1,	1,	1,	1,	1,	1,	1,	1,	1,	1,	1,	1,	1,	1,	1,	1,	1,	1,	1,	1,	1,	1,	1,	1,	1,	1,	1,	1],
[1,	1,	1,	1,	1,	1,	1,	1,	1,	1,	1],
[1,	1,	1,	1,	1,	1,	1,	1],
[1,	1,	1,	1,	1,	1,	1,	1,	1,	1,	1,	1,	1,	1,	1,	1,	1,	1,	1,	1,	1,	1,	1,	1,	1,	1,	1,	1,	1,	1,	1,	1,	1,	1,	1,	1,	1,	1,	1],
[1,	1,	1,	1,	1,	1,	1],
[1,	1,	1,	1,	1,	1,	1,	1,	1,	1,	1],
[1,	1,	1,	1,	1,	1],
[1,	1,	1,	1],
[1,	1,	1,	1,	1,	1,	1,	1,	1,	1,	1],
[1,	1,	1,	1,	1,	1,	1,	1,	1,	1,	1],
[1,	1,	1,	1,	1,	1,	1,	1,	1,	1,	1,	1,	1],
[1,	1,	1,	1,	1,	1,	1],
[1,	1,	1,	1,	1,	1,	1,	1,	1,	1,	1,	1,	1,	1,	1,	1],
[1,	1,	1,	1,	1,	1,	1],
[1,	1,	1,	1,	1,	1,	1,	1],
[1,	1,	1,	1,	1,	1,	1,	1],
[1,	1,	1,	1,	1,	1,	1,	1,	1,	1,	1],
[1,	1,	1,	1,	1,	1,	1,	1,	1,	1,	1,	1],
[1,	1,	1,	1,	1,	1,	1,	1,	1,	1,	1,	1,	1,	1,	1,	1,	1,	1,	1,	1,	1,	1,	1,	1,	1,	1,	1,	1,	1,	1,	1,	1,	1],
[1,	1,	1,	1,	1,	1,	1,	1,	1,	1,	1,	1,	1,	1,	1,	1,	1,	1,	1,	1,	1,	1,	1],
[1,	1,	1,	1,	1,	1,	1,	1,	1,	1,	1,	1,	1,	1,	1,	1,	1,	1,	1,	1,	1,	1,	1,	1,	1,	1],
[1,	1,	1,	1,	1,	1,	1,	1,	1,	1,	1,	1,	1,	1,	1,	1,	1,	1,	1,	1,	1,	1,	1,	1,	1,	1,	1],
[1,	1,	1,	1,	1,	1,	1,	1,	1,	1,	1,	1,	1,	1,	1,	1,	1,	1,	1,	1,	1,	1,	1,	1,	1],
[1,	1,	1,	1,	1,	1,	1,	1,	1,	1,	1,	1,	1,	1,	1,	1,	1,	1,	1,	1,	1,	1,	1],
[1,	1,	1,	1,	1,	1,	1,	1,	1,	1,	1,	1,	1,	1,	1,	1,	1,	1,	1,	1,	1,	1,	1,	1,	1,	1,	1,	1,	1,	1,	1,	1,	1,	1,	1,	1,	1],
[1,	1,	1,	1,	1,	1,	1,	1,	1,	1,	1,	1,	1,	1,	1,	1,	1,	1,	1,	1,	1,	1,	1,	1,	1,	1,	1,	1,	1,	1,	1,	1,	1,	1,	1,	1,	1,	1,	1,	1,	1,	1,	1,	1,	1,	1,	1],
[1,	1,	1,	1,	1,	1,	1,	1,	1,	1,	1,	1,	1,	1,	1,	1,	1,	1,	1,	1,	1,	1,	1,	1,	1,	1,	1,	1,	1,	1,	1,	1,	1,	1,	1,	1],
[1,	1,	1,	1,	1,	1,	1,	1,	1,	1,	1,	1,	1,	1,	1,	1,	1,	1,	1,	1,	1,	1,	1,	1,	1,	1],
[1,	1,	1,	1,	1,	1,	1,	1,	1,	1,	1,	1,	1,	1,	1,	1,	1,	1,	1,	1,	1,	1,	1],
[1,	1,	1,	1,	1,	1,	1,	1,	1,	1,	1,	1,	1,	1,	1,	1,	1,	1,	1,	1,	1,	1,	1,	1,	1,	1,	1,	1,	1,	1,	1,	1,	1]]
[1,	1,	1,	0,	1,	0,	1,	1,	1,	1,	1,	1,	0,	1,	0,	1,	1,	0,	1,	1,	1,	0,	1,	1,	1,	0,	0,	1,	0,	1,	0,	1,	1,	1,	1,	1,	0,	1,	1,	0,	1,	1,	1,	0,	1,	1,	1,	1,	0,	1,	1,	0,	1,	1,	1,	0,	0,	1,	1,	1,	1,	1,	0,	1,	1,	1,	1,	0,	0,	0,	0,	0,	1,	1,	1,	1,	1,	1,	1,	0,	1,	1,	1,	0,	1,	0,	0,	1,	1,	1,	1,	1,	1,	1,	1,	1,	1,	1,	0,	1,	1,	1,	1,	1,	0,	0,	0,	0,	1,	1,	1,	1,	1,	1,	0,	1,	1,	0,	1,	1,	1,	1,	1,	1,	1,	1,	1,	1,	1,	1,	0,	0,	1,	0,	1,	1,	1,	0,	0,	1,	1,	0,	0,	1,	1,	0,	1,	1,	0,	1,	1,	1,	1,	0,	0,	1,	1,	1,	1,	1,	0,	1,	0,	1,	0,	0,	1,	1,	0,	1,	1,	1,	1,	1,	0,	1,	1,	0,	1,	1,	0,	1,	1,	1,	1,	1,	1,	1,	1,	0,	1,	1,	1,	1,	1,	0,	1,	1,	1,	0,	1,	1,	1,	1,	1,	0,	1,	1,	1,	1,	0,	1,	0,	0,	1,	0,	0,	0,	0,	1,	1,	1,	1,	1,	1,	1,	1,	1,	0,	1,	1,	0,	1,	1,	1,	1,	1,	1,	0,	0,	1,	0,	1,	0,	1,	0,	1,	1,	1,	1,	1,	1,	1,	1,	1,	1]