268	12	256	19617
[[250,	244,	85,	136,	228,	151,	24,	100,	114,	23,	135,	241,	43,	223,	184,	242,	11,	248,	196,	153,	229,	39,	89,	101,	110,	117],
[6,	213,	74,	137,	248,	128,	114],
[217,	136,	243,	4,	180,	25],
[137,	214,	128,	205,	213],
[180,	195,	66,	35],
[35,	160,	215,	193,	76,	136],
[239,	180],
[22,	35,	207,	27,	44,	25,	180],
[210,	35,	30,	136,	239],
[77,	156,	103,	2,	117,	35,	181,	153,	6,	125,	116,	33,	231,	238,	56,	214,	92,	215,	69,	176,	250,	147,	184,	17,	251,	108,	198,	57,	74,	75,	136],
[196,	206,	205,	74,	32,	78,	213,	163,	6,	114,	141],
[103,	23,	200,	85,	206,	86,	135,	118,	242,	84,	2,	78,	6,	195,	37,	19,	36,	53,	26,	211,	219,	35,	196,	105,	114,	172,	213,	205,	98,	9,	57,	153,	91,	239,	43],
[231,	101,	1,	241,	233,	153,	203,	18,	157,	38,	103,	6,	249,	4,	201,	35,	36,	212,	75,	50,	74,	82,	33,	240],
[66,	180,	136,	15,	84,	229,	174,	210,	53,	130,	30,	215],
[213,	85,	248,	74,	137,	205,	98,	29],
[76],
[206,	137,	6,	74,	213],
[130,	180,	53,	25],
[205,	214,	164,	163,	6,	248,	91],
[213,	114,	206,	85,	111,	137,	141],
[78,	166,	225,	213,	182],
[29,	248],
[85,	138,	78],
[54,	196,	246,	133,	6,	114,	31],
[137,	211,	85,	89,	78],
[248,	74,	72,	91,	89],
[32,	6,	213,	102],
[141,	128,	205,	31,	163,	78],
[76,	136,	35,	215,	195,	217,	210],
[250,	127,	166,	141,	248,	91,	214],
[],
[214,	111,	91],
[138,	114,	6,	196,	74,	98],
[],
[89,	78,	127,	54,	205,	73,	91],
[97,	222,	4,	186,	66,	80,	210],
[114,	6,	85,	206,	78],
[78,	6],
[132,	214,	162,	163,	205],
[78,	248,	133,	127,	6,	128,	76],
[225,	246,	54,	32,	163],
[231,	137,	154,	23,	207,	253,	140,	84,	78,	139,	105,	92,	232,	11,	90,	135,	244,	17,	66,	215,	88,	180,	114,	151,	54,	117,	217,	1,	153,	233,	47,	181],
[25,	175,	66,	35,	160],
[78,	162,	91,	248,	237,	204,	138,	254,	114],
[205,	91,	254,	182,	78,	29],
[114,	76],
[6,	213,	182,	31,	78],
[72,	164,	91,	78,	6,	29,	74,	213,	205],
[215,	66,	203,	27,	53,	160,	222,	229],
[248,	114,	214,	138,	6,	13],
[217,	149,	214,	118,	125,	32,	200,	222,	105,	101,	179,	212,	17,	50,	23,	116,	78,	180,	8,	192,	170,	251,	248,	216,	232,	117,	143,	44,	69,	245,	140],
[16,	114,	213,	6,	204,	74,	205,	185,	221,	111],
[9,	221,	137],
[210,	180,	79,	222,	217,	186,	243],
[163,	6,	104,	13,	85,	114,	78,	196,	9,	87],
[80],
[66,	208,	248,	154,	228,	79,	95,	213,	39,	114,	136,	212,	77,	101,	152,	223,	181,	216,	17,	125,	215,	52,	217,	49,	103,	117,	108,	205,	14,	118,	74,	18,	105],
[144,	162,	23,	19,	83,	160,	233,	229,	8,	200,	125,	148,	105,	114,	222,	89,	116,	129,	91,	70,	44,	211,	151,	108,	74,	48,	18,	149,	96,	212,	180,	101,	88,	25,	153,	240,	77,	35,	232,	143],
[114,	54,	72],
[174],
[213,	146,	212,	249,	125,	242,	179,	1,	74,	116,	118,	55,	117,	152,	35,	49,	216,	215,	32,	223,	214,	231,	50,	33,	176,	120,	232,	200,	122,	18],
[98,	214,	213,	72,	76,	114,	40],
[229,	215,	66,	136,	35],
[128,	144,	6,	31],
[138,	74,	6,	219,	213,	205,	34,	166,	226],
[],
[103,	99,	242,	19,	217,	85,	26,	180,	232,	23,	90,	116,	2,	209,	91,	223,	147,	87,	244,	1,	78,	154,	86,	20,	176,	74,	212,	37,	33,	120,	105,	117],
[6,	221,	196,	250,	248,	114],
[174,	136,	207,	180],
[],
[27,	229,	66],
[53,	66,	217,	195],
[26,	105,	39,	43,	114,	74,	212,	130,	78,	103,	141,	49,	118,	46,	120,	241,	240,	167,	144,	35,	153,	193,	255,	152,	252,	151,	161,	92,	101,	1,	57,	164,	228,	33,	154,	66,	16,	116,	117,	107],
[],
[120,	179,	34,	163,	108,	182,	103,	2,	78,	136,	30,	153,	191,	76,	105,	217,	86,	147,	38,	223,	158,	151,	199,	23,	66,	80,	155,	117,	183,	128,	17],
[],
[214,	191,	34,	54,	192],
[180,	136,	88,	44,	215,	35],
[114,	206,	74,	78,	6,	204,	182,	85],
[6,	57,	250,	235,	114,	128,	214],
[85,	78,	104],
[194,	197,	154,	105,	35,	213,	119,	252,	236,	222,	86,	214,	212,	1,	152,	25,	149,	120,	41,	181,	193,	59,	33,	158,	229,	70,	18,	232,	26,	247,	200,	118,	176,	23,	190,	203,	231],
[78,	204,	192,	213,	248,	72,	246],
[162,	205,	61],
[238,	80,	4,	22,	25,	66],
[246,	114,	85,	57,	213,	6],
[],
[9,	111,	159],
[2,	45,	165,	215,	101,	117,	18,	78,	25,	252,	188,	64,	50,	125,	181,	180,	43,	149,	143,	87,	154,	156,	242,	151,	52,	136,	116,	108,	241,	6],
[29,	54,	213,	205,	182,	78],
[],
[252,	180,	53,	23,	114,	231,	79,	118,	176,	62,	156,	153,	17,	217,	232,	78,	50,	208,	6,	108,	214,	26,	125,	90,	246,	1,	101,	89],
[101,	50,	60,	18,	77,	153,	255,	135,	103,	180,	24,	148,	241,	116,	86,	213,	223,	80,	1,	110,	215,	114,	118,	108,	204,	69,	66,	119,	26,	78,	57,	92,	37],
[196,	114,	254,	115,	205,	87,	182,	6,	137],
[98,	191,	213,	163,	214],
[6,	78,	214,	138,	114],
[91,	141,	128,	72,	74,	31,	133,	29],
[80,	203,	136],
[215,	136,	130,	35,	180,	229],
[205,	248,	91,	87,	206,	197,	85,	174,	114,	137,	78,	6],
[180,	215,	229,	27],
[91,	213,	89,	205,	248,	73,	54,	78,	192],
[223,	53,	1,	66,	56,	90,	209,	135,	128,	138,	18,	84,	125,	98,	242,	108,	77,	57,	181,	212,	245,	74,	195,	143,	20,	25,	26,	231,	69,	180],
[116,	26,	241,	19,	206,	176,	250,	120,	200,	252,	105,	50,	181,	248,	17,	90,	6,	223,	117,	180,	79,	2,	212,	125,	213,	233,	18,	162,	1,	66,	43],
[76,	87,	32,	85],
[88,	153,	251,	26,	195,	179,	42,	165,	69,	75,	252,	1,	170,	232,	35,	10,	50,	255,	217,	181,	127,	18,	225,	118,	193],
[101,	117,	143,	25,	116,	50,	212,	57,	47,	215,	26,	76,	35,	189,	105,	231,	89,	135,	114,	6,	99,	134,	192,	226,	206,	198,	242],
[237,	214,	6,	78,	211,	197],
[114,	214,	85,	74,	9,	128,	137],
[78,	76,	111,	74,	40,	205,	248,	246],
[215,	180,	136,	35],
[85,	87,	166,	6,	13,	16,	78,	54],
[214,	74,	6,	78,	213,	85],
[35,	140,	135,	173,	90,	120,	50,	236,	18,	66,	206,	87,	6,	65,	118,	103,	200,	25,	205,	125,	179,	201,	249,	194,	137,	143,	51,	26,	165,	1,	180,	181,	212,	246],
[25,	136,	27,	66,	80,	217,	35],
[173,	217,	210,	105,	60,	248,	86,	23,	74,	25,	85,	78,	93,	209,	88,	47,	73,	50,	56,	120,	35,	118,	39,	108,	231,	18,	148,	135,	103,	233],
[78,	127,	128,	54,	74,	87,	91],
[44,	66,	79,	76,	217],
[214,	16,	205,	78,	174,	74],
[35,	66,	136,	180,	186,	169],
[153,	204,	214,	50,	193,	205,	77,	239,	11,	118,	180,	210,	156,	96,	6,	17,	125,	172,	218,	95,	231,	252,	245,	105,	248,	70,	23,	136,	44,	92,	109,	240,	1,	74],
[61,	214,	211,	111],
[66,	79,	160,	44,	22,	180],
[180,	53,	215,	35],
[37,	76,	223,	18,	158,	197,	78,	92,	233,	217,	45,	256,	120,	251,	118,	41,	108,	155,	242,	43,	77,	186,	232,	35,	12,	212,	19,	117,	74,	213,	143,	201,	50],
[48,	11,	215,	136,	47,	214,	35,	118,	77,	173,	151,	232,	135,	216,	64,	95,	105,	53,	99,	84,	42,	66,	39,	208,	26,	236,	163,	213,	69],
[166,	57,	205,	91,	144,	16,	78,	74],
[137,	19,	11,	136,	200,	92,	2,	116,	26,	85,	247,	161,	154,	105,	84,	23,	135,	242,	213,	229,	176,	233,	6,	120,	118,	251,	207,	152,	230,	157,	90,	218,	88],
[78,	205,	61,	85,	57,	114,	76,	213,	74,	197],
[],
[162,	219,	137,	226,	114,	115,	221,	214,	141],
[244,	162,	82,	90,	26,	98,	101,	174,	105,	92,	181,	153,	154,	135,	49,	10,	123,	231,	28,	200,	180,	86,	215,	50,	205,	253,	65,	118,	252,	193,	27,	190,	2,	39],
[80],
[85,	9,	128,	31,	248,	192,	197,	91],
[116,	46,	222,	197,	209,	23,	231,	213,	18,	217,	151,	1,	74,	19,	232,	214,	36,	203,	64,	9,	249,	153,	50,	118,	136,	37,	239,	114],
[98,	248,	205,	174,	91,	57,	6,	162],
[222,	44,	180,	35,	136],
[217,	44,	25,	229,	180,	136,	239],
[176,	105,	126,	110,	158,	26,	223,	92,	135,	151,	242,	230,	46,	24,	25,	2,	108,	45,	78,	39,	116,	188,	163,	88,	189,	143,	136,	114],
[151,	135,	153,	215,	247,	23,	22,	128,	59,	154,	77,	17,	180,	256,	103,	83,	6,	231,	50,	66,	26,	35,	111,	123],
[53,	76,	169,	136,	66,	160,	35],
[141,	114,	213,	128],
[7,	163,	221,	127,	211,	85],
[214,	78,	182,	6,	226,	114,	91,	225,	213],
[87,	214,	6,	121,	78,	204,	91,	114],
[164,	88,	247,	66,	6,	188,	140,	242,	125,	16,	108,	238,	206,	230,	35,	235,	143,	170,	120,	193,	114,	151,	215,	50],
[121,	213,	192,	248],
[6,	32,	213,	128,	61,	85,	114,	248,	162],
[192,	162,	74,	87,	219],
[26,	125,	153,	90,	180,	115,	136,	120,	252,	116,	2,	137,	78,	214,	117,	35,	86,	212,	23,	199,	215,	189,	223,	231,	6,	91,	75,	105,	49],
[141,	195,	120,	136,	36,	63,	91,	23,	19,	153,	74,	118,	217,	25,	1,	250,	78,	251,	76,	182,	50,	232,	47,	244,	105],
[],
[6,	91,	85,	9,	196],
[176,	217,	23,	92,	101,	46,	66,	155,	86,	105,	84,	181,	157,	2,	231,	153,	158,	205,	18,	6,	17,	77,	135,	168,	68,	72,	246],
[239,	84,	215,	66,	25],
[214,	85],
[6,	114,	91],
[141,	182,	250,	235,	54,	214,	78],
[11,	87,	1,	156,	56,	117,	78,	153,	217,	69,	77,	250,	175,	233,	176,	151,	53,	170,	136,	25,	189,	101,	26,	236,	174,	143,	19,	116],
[163,	6,	137,	248,	204,	214,	73,	29,	213],
[240,	149,	122,	248,	154,	251,	231,	151,	206,	213,	169,	17,	125,	153,	62,	117,	204,	103,	23,	91,	25,	120,	116,	18,	189,	119,	44,	176,	205,	210,	35,	4,	237,	19],
[],
[66,	44,	35,	217],
[61,	206,	5,	85,	213,	6],
[232,	23,	181,	77,	19,	3,	114,	154,	231,	117,	66,	176,	180,	49,	26,	86,	6,	43,	192,	212,	118,	98,	35,	120,	136,	252,	153,	149,	106,	130],
[153,	23,	252,	53,	137,	237,	66,	186,	189,	197,	223,	32,	242,	236,	15,	105,	240,	19,	91,	33,	6,	173,	141,	231,	160,	181,	77,	172],
[],
[201,	217,	187,	32,	232,	233,	139,	80,	256,	116,	156,	153,	35,	33,	136,	19,	181,	77,	62,	103,	179,	43,	59,	200,	213,	122,	166,	18,	53,	6,	123,	23,	39,	223,	110,	66],
[27,	76,	239,	136,	66],
[248,	205,	6,	76,	114,	85,	87,	78,	133,	162,	211],
[181,	8,	18,	205,	128,	117,	233,	231,	213,	154,	214,	66,	242,	108,	110,	178,	37,	79,	215,	143,	25,	212,	118,	255,	217,	141,	136,	87,	1,	116,	197,	111,	240,	253],
[238,	215,	35,	130],
[175,	136,	25,	35,	66],
[35,	16,	77,	158,	212,	125,	14,	105,	154,	232,	70,	180,	23,	244,	50,	247,	25,	19,	85,	181,	252,	195,	66,	217,	1,	26,	78,	101,	251,	176,	162,	128,	143,	228,	231],
[162,	205,	213,	248,	29,	54,	6],
[],
[137,	211,	205,	219,	166,	31,	213,	246,	164,	32,	214],
[222,	136,	25,	4,	215,	66],
[6,	78,	137,	214],
[214,	164,	7,	74,	91,	182,	248,	205,	114],
[127,	114,	205,	6],
[180,	25,	4,	222],
[136,	22,	25,	44],
[],
[],
[74,	214,	163,	197,	78,	98],
[78,	85,	205,	114,	162,	213,	91],
[33,	38,	28,	242,	208,	70,	116,	120,	186,	154,	77,	233,	135,	23,	151,	99,	209,	74,	114,	153,	125,	26,	6,	78,	119,	8,	50,	66,	118,	72,	200,	44,	18,	63,	248,	176,	103,	214],
[7,	13,	78],
[],
[212,	215,	148,	154,	6,	156,	115,	205,	143,	119,	108,	158,	78,	7,	240,	77,	23,	151,	254,	19,	228,	255,	136,	233,	18,	223,	90,	200,	125,	91,	38,	118,	123,	74,	4,	170,	116,	31,	47],
[84,	35,	180,	66,	222,	53,	30],
[74,	214,	73],
[78,	57,	163,	206,	111,	219,	85,	89],
[],
[109,	37,	153,	216,	18,	35,	152,	251,	233,	141,	91,	212,	163,	13,	147,	50,	231,	208,	31,	128,	105,	25,	29,	38,	228,	78,	215,	39,	84,	156,	151,	1],
[2,	77,	78,	116,	158,	143,	75,	18,	6,	210,	180,	232,	120,	26,	44,	216,	212,	125,	156,	66,	154,	205,	199,	118,	108,	25,	161,	69,	215,	109,	223,	153,	12,	194,	181,	73,	9,	137,	179,	146],
[88,	243,	215,	4],
[229,	35,	203],
[29,	74,	248,	166,	162,	85,	6],
[136,	53,	180,	174,	186,	215,	160],
[48,	245,	172,	85,	128,	212,	125,	213,	248,	143,	116,	22,	121,	74,	4,	166,	18,	43,	49,	73,	205,	239,	252,	23,	154,	233,	130,	127,	230],
[213,	78,	211,	61,	206,	13,	91,	6,	248,	89],
[174,	61,	166,	91,	76,	78,	57],
[209,	226,	154,	101,	212,	118,	12,	23,	38,	78,	248,	242,	223,	18,	162,	120,	155,	151,	2,	213,	192,	117,	105,	178,	232,	108,	183],
[58,	25,	229,	44,	222,	53,	203],
[141,	121,	78],
[78,	76,	115,	85,	248,	54],
[80,	6,	85,	78,	74,	114,	205],
[166,	219,	89,	40],
[205,	115,	206,	182,	132,	85,	166],
[114,	246,	137,	213,	54,	6],
[57,	205,	181,	121,	20,	77,	105,	26,	229,	125,	103,	214,	35,	247,	218,	176,	250,	80,	183,	143,	180,	18,	1,	44,	248,	256,	249,	108,	118,	117],
[53,	136,	35],
[141,	192,	114,	137,	87,	91,	29],
[],
[254,	182,	78,	213,	174,	98,	138,	205,	111,	164,	6,	206],
[136,	217,	229,	35],
[6,	91,	213,	111,	250,	78,	162],
[180,	6,	250,	148,	55,	215,	194,	252,	120,	214,	61,	90,	129,	118,	78,	56,	232,	212,	127,	248,	30,	217,	53,	2,	117,	201,	57,	69,	181,	253,	161,	114,	136,	123,	9,	247,	66,	143],
[80],
[98,	78,	141,	87],
[6,	13,	91,	163,	29,	85,	87,	196],
[250,	141,	87,	78,	121,	85],
[53,	222,	180,	238,	66,	35],
[64,	154,	233,	127,	202,	240,	117,	25,	49,	152,	223,	212,	181,	78,	229,	165,	27,	103,	217,	108,	50,	179,	143,	243,	118,	88,	95,	176,	86,	9,	109,	120,	47,	105,	74,	133,	246,	156,	26,	199,	17,	182,	58],
[16,	162,	78,	91,	98,	214,	6],
[78,	196,	213,	40],
[116,	155,	208,	63,	217,	88,	35,	74,	136,	200,	185,	181,	231,	151,	101,	17,	55,	180,	60,	120,	212,	92,	234,	201,	213,	36,	23,	2,	223,	156,	84],
[229,	25,	66,	35],
[128,	182,	235,	74,	13,	211,	163,	91],
[78,	57,	98,	61,	206,	114,	74,	182],
[80,	137,	114,	219,	127,	61,	91],
[66,	35,	58,	44,	160,	25,	30],
[27,	193,	44,	25],
[17,	231,	117,	119,	118,	1,	92,	138,	212,	45,	241,	214,	223,	85,	190,	167,	247,	135,	116,	77,	23,	106,	130,	50,	59],
[109,	66,	215,	116,	197,	48,	143,	135,	214,	248,	173,	86,	92,	68,	162,	219,	180,	70,	1,	241,	231,	138,	118,	114,	110,	223,	53,	207,	88,	154,	32,	85,	217,	153,	18,	108,	156,	56],
[85,	119,	91,	17,	135,	154,	11,	25,	250,	6,	84,	18,	215,	196,	179,	117,	222,	2,	248,	212,	189,	35,	165,	78,	136,	118,	108,	183],
[66,	39,	215,	236,	100,	200,	23,	181,	158,	253,	4,	53,	22,	152,	237,	86,	108,	59,	105,	20,	17,	64,	242,	223,	74,	119,	1,	238,	156,	118,	33,	153,	101,	117,	231],
[115,	91,	182,	205,	72,	6,	114,	213],
[88,	215,	217],
[248,	50,	84,	114,	124,	78,	1,	143,	232,	49,	103,	85,	233,	180,	61,	66,	136,	90,	235,	214,	18,	137],
[6,	91,	57],
[78,	221,	85,	141,	114],
[162,	114,	74],
[66,	207,	25],
[6,	114,	174,	91,	78,	87],
[6,	73,	114,	89,	91,	205,	128,	57,	137],
[214,	91,	114,	85,	174],
[248,	78,	61,	57,	128],
[114,	9,	78,	72,	185,	133],
[35,	215,	88,	136],
[98,	164,	248,	128,	214],
[217,	180,	4],
[85,	213,	192,	16,	197,	78,	6,	141],
[85,	128,	73,	87,	13,	197,	214,	74,	6,	78],
[119,	101,	83,	18,	228,	232,	120,	26,	106,	86,	143,	118,	68,	108,	176,	231,	50,	156,	52,	253,	103,	95],
[86,	39,	18,	241,	183,	188,	105,	245,	122,	23,	50,	134,	181,	2,	101,	120,	212,	117,	177,	69,	242,	51],
[223,	151,	18,	216,	154,	120,	69,	77,	179,	41,	236,	249,	181,	52,	176,	86,	108,	64,	43,	148,	200,	23,	2,	234,	118,	8],
[105,	47,	36,	90,	155,	181,	212,	122,	153,	163,	241,	26,	242,	3,	31,	156,	23,	101,	85,	17,	236,	125,	120,	189,	214,	114,	108,	249,	117,	20,	178],
[223,	208,	153,	234,	19,	81,	101,	147,	139,	230,	201,	93,	143,	63,	77,	241,	83,	118,	99,	173,	232,	179,	142,	245,	108,	135,	17],
[199,	19,	212,	118,	120,	183,	158,	95,	103,	18,	77,	26,	117,	50,	125,	176,	23,	155,	230,	43,	181,	14,	201],
[136,	180,	114,	23,	84,	111,	101,	43,	1,	156,	178,	217,	66,	174,	247,	231,	74,	234,	154,	78,	128,	212,	14,	50,	35,	200,	117,	185,	3,	148,	205,	219,	81,	53,	25,	24],
[115,	153,	136,	1,	251,	117,	221,	195,	11,	14,	70,	123,	151,	23,	217,	176,	190,	33,	212,	116,	143,	189,	181,	180,	61,	240,	170,	132,	137,	26,	48,	160,	229,	84,	69],
[231,	1,	50,	181,	215,	149,	134,	26,	86,	2,	59,	120,	180,	217,	245,	69,	118,	35,	43,	251,	136,	25,	77,	199,	233,	103,	212],
[87,	154,	18,	231,	96,	233,	249,	17,	120,	91,	143,	54,	208,	134,	221,	242,	77,	135,	122,	223,	199,	38,	189,	219,	235,	111,	179],
[248,	198,	242,	213,	231,	108,	20,	156,	116,	232,	26,	86,	3,	77,	200,	1,	61,	209,	223,	17,	36,	241,	189,	101],
[233,	135,	228,	248,	141,	120,	129,	152,	163,	234,	78,	251,	108,	23,	77,	167,	209,	20,	2]]
[[1,	1,	1,	1,	1,	1,	1,	1,	1,	1,	1,	1,	1,	1,	1,	1,	1,	1,	1,	1,	1,	1,	1,	1,	1,	1],
[1,	1,	1,	1,	1,	1,	1],
[1,	1,	1,	1,	1,	1],
[1,	1,	1,	1,	1],
[1,	1,	1,	1],
[1,	1,	1,	1,	1,	1],
[1,	1],
[1,	1,	1,	1,	1,	1,	1],
[1,	1,	1,	1,	1],
[1,	1,	1,	1,	1,	1,	1,	1,	1,	1,	1,	1,	1,	1,	1,	1,	1,	1,	1,	1,	1,	1,	1,	1,	1,	1,	1,	1,	1,	1,	1],
[1,	1,	1,	1,	1,	1,	1,	1,	1,	1,	1],
[1,	1,	1,	1,	1,	1,	1,	1,	1,	1,	1,	1,	1,	1,	1,	1,	1,	1,	1,	1,	1,	1,	1,	1,	1,	1,	1,	1,	1,	1,	1,	1,	1,	1,	1],
[1,	1,	1,	1,	1,	1,	1,	1,	1,	1,	1,	1,	1,	1,	1,	1,	1,	1,	1,	1,	1,	1,	1,	1],
[1,	1,	1,	1,	1,	1,	1,	1,	1,	1,	1,	1],
[1,	1,	1,	1,	1,	1,	1,	1],
[1],
[1,	1,	1,	1,	1],
[1,	1,	1,	1],
[1,	1,	1,	1,	1,	1,	1],
[1,	1,	1,	1,	1,	1,	1],
[1,	1,	1,	1,	1],
[1,	1],
[1,	1,	1],
[1,	1,	1,	1,	1,	1,	1],
[1,	1,	1,	1,	1],
[1,	1,	1,	1,	1],
[1,	1,	1,	1],
[1,	1,	1,	1,	1,	1],
[1,	1,	1,	1,	1,	1,	1],
[1,	1,	1,	1,	1,	1,	1],
[],
[1,	1,	1],
[1,	1,	1,	1,	1,	1],
[],
[1,	1,	1,	1,	1,	1,	1],
[1,	1,	1,	1,	1,	1,	1],
[1,	1,	1,	1,	1],
[1,	1],
[1,	1,	1,	1,	1],
[1,	1,	1,	1,	1,	1,	1],
[1,	1,	1,	1,	1],
[1,	1,	1,	1,	1,	1,	1,	1,	1,	1,	1,	1,	1,	1,	1,	1,	1,	1,	1,	1,	1,	1,	1,	1,	1,	1,	1,	1,	1,	1,	1,	1],
[1,	1,	1,	1,	1],
[1,	1,	1,	1,	1,	1,	1,	1,	1],
[1,	1,	1,	1,	1,	1],
[1,	1],
[1,	1,	1,	1,	1],
[1,	1,	1,	1,	1,	1,	1,	1,	1],
[1,	1,	1,	1,	1,	1,	1,	1],
[1,	1,	1,	1,	1,	1],
[1,	1,	1,	1,	1,	1,	1,	1,	1,	1,	1,	1,	1,	1,	1,	1,	1,	1,	1,	1,	1,	1,	1,	1,	1,	1,	1,	1,	1,	1,	1],
[1,	1,	1,	1,	1,	1,	1,	1,	1,	1],
[1,	1,	1],
[1,	1,	1,	1,	1,	1,	1],
[1,	1,	1,	1,	1,	1,	1,	1,	1,	1],
[1],
[1,	1,	1,	1,	1,	1,	1,	1,	1,	1,	1,	1,	1,	1,	1,	1,	1,	1,	1,	1,	1,	1,	1,	1,	1,	1,	1,	1,	1,	1,	1,	1,	1],
[1,	1,	1,	1,	1,	1,	1,	1,	1,	1,	1,	1,	1,	1,	1,	1,	1,	1,	1,	1,	1,	1,	1,	1,	1,	1,	1,	1,	1,	1,	1,	1,	1,	1,	1,	1,	1,	1,	1,	1],
[1,	1,	1],
[1],
[1,	1,	1,	1,	1,	1,	1,	1,	1,	1,	1,	1,	1,	1,	1,	1,	1,	1,	1,	1,	1,	1,	1,	1,	1,	1,	1,	1,	1,	1],
[1,	1,	1,	1,	1,	1,	1],
[1,	1,	1,	1,	1],
[1,	1,	1,	1],
[1,	1,	1,	1,	1,	1,	1,	1,	1],
[],
[1,	1,	1,	1,	1,	1,	1,	1,	1,	1,	1,	1,	1,	1,	1,	1,	1,	1,	1,	1,	1,	1,	1,	1,	1,	1,	1,	1,	1,	1,	1,	1],
[1,	1,	1,	1,	1,	1],
[1,	1,	1,	1],
[],
[1,	1,	1],
[1,	1,	1,	1],
[1,	1,	1,	1,	1,	1,	1,	1,	1,	1,	1,	1,	1,	1,	1,	1,	1,	1,	1,	1,	1,	1,	1,	1,	1,	1,	1,	1,	1,	1,	1,	1,	1,	1,	1,	1,	1,	1,	1,	1],
[],
[1,	1,	1,	1,	1,	1,	1,	1,	1,	1,	1,	1,	1,	1,	1,	1,	1,	1,	1,	1,	1,	1,	1,	1,	1,	1,	1,	1,	1,	1,	1],
[],
[1,	1,	1,	1,	1],
[1,	1,	1,	1,	1,	1],
[1,	1,	1,	1,	1,	1,	1,	1],
[1,	1,	1,	1,	1,	1,	1],
[1,	1,	1],
[1,	1,	1,	1,	1,	1,	1,	1,	1,	1,	1,	1,	1,	1,	1,	1,	1,	1,	1,	1,	1,	1,	1,	1,	1,	1,	1,	1,	1,	1,	1,	1,	1,	1,	1,	1,	1],
[1,	1,	1,	1,	1,	1,	1],
[1,	1,	1],
[1,	1,	1,	1,	1,	1],
[1,	1,	1,	1,	1,	1],
[],
[1,	1,	1],
[1,	1,	1,	1,	1,	1,	1,	1,	1,	1,	1,	1,	1,	1,	1,	1,	1,	1,	1,	1,	1,	1,	1,	1,	1,	1,	1,	1,	1,	1],
[1,	1,	1,	1,	1,	1],
[],
[1,	1,	1,	1,	1,	1,	1,	1,	1,	1,	1,	1,	1,	1,	1,	1,	1,	1,	1,	1,	1,	1,	1,	1,	1,	1,	1,	1],
[1,	1,	1,	1,	1,	1,	1,	1,	1,	1,	1,	1,	1,	1,	1,	1,	1,	1,	1,	1,	1,	1,	1,	1,	1,	1,	1,	1,	1,	1,	1,	1,	1],
[1,	1,	1,	1,	1,	1,	1,	1,	1],
[1,	1,	1,	1,	1],
[1,	1,	1,	1,	1],
[1,	1,	1,	1,	1,	1,	1,	1],
[1,	1,	1],
[1,	1,	1,	1,	1,	1],
[1,	1,	1,	1,	1,	1,	1,	1,	1,	1,	1,	1],
[1,	1,	1,	1],
[1,	1,	1,	1,	1,	1,	1,	1,	1],
[1,	1,	1,	1,	1,	1,	1,	1,	1,	1,	1,	1,	1,	1,	1,	1,	1,	1,	1,	1,	1,	1,	1,	1,	1,	1,	1,	1,	1,	1],
[1,	1,	1,	1,	1,	1,	1,	1,	1,	1,	1,	1,	1,	1,	1,	1,	1,	1,	1,	1,	1,	1,	1,	1,	1,	1,	1,	1,	1,	1,	1],
[1,	1,	1,	1],
[1,	1,	1,	1,	1,	1,	1,	1,	1,	1,	1,	1,	1,	1,	1,	1,	1,	1,	1,	1,	1,	1,	1,	1,	1],
[1,	1,	1,	1,	1,	1,	1,	1,	1,	1,	1,	1,	1,	1,	1,	1,	1,	1,	1,	1,	1,	1,	1,	1,	1,	1,	1],
[1,	1,	1,	1,	1,	1],
[1,	1,	1,	1,	1,	1,	1],
[1,	1,	1,	1,	1,	1,	1,	1],
[1,	1,	1,	1],
[1,	1,	1,	1,	1,	1,	1,	1],
[1,	1,	1,	1,	1,	1],
[1,	1,	1,	1,	1,	1,	1,	1,	1,	1,	1,	1,	1,	1,	1,	1,	1,	1,	1,	1,	1,	1,	1,	1,	1,	1,	1,	1,	1,	1,	1,	1,	1,	1],
[1,	1,	1,	1,	1,	1,	1],
[1,	1,	1,	1,	1,	1,	1,	1,	1,	1,	1,	1,	1,	1,	1,	1,	1,	1,	1,	1,	1,	1,	1,	1,	1,	1,	1,	1,	1,	1],
[1,	1,	1,	1,	1,	1,	1],
[1,	1,	1,	1,	1],
[1,	1,	1,	1,	1,	1],
[1,	1,	1,	1,	1,	1],
[1,	1,	1,	1,	1,	1,	1,	1,	1,	1,	1,	1,	1,	1,	1,	1,	1,	1,	1,	1,	1,	1,	1,	1,	1,	1,	1,	1,	1,	1,	1,	1,	1,	1],
[1,	1,	1,	1],
[1,	1,	1,	1,	1,	1],
[1,	1,	1,	1],
[1,	1,	1,	1,	1,	1,	1,	1,	1,	1,	1,	1,	1,	1,	1,	1,	1,	1,	1,	1,	1,	1,	1,	1,	1,	1,	1,	1,	1,	1,	1,	1,	1],
[1,	1,	1,	1,	1,	1,	1,	1,	1,	1,	1,	1,	1,	1,	1,	1,	1,	1,	1,	1,	1,	1,	1,	1,	1,	1,	1,	1,	1],
[1,	1,	1,	1,	1,	1,	1,	1],
[1,	1,	1,	1,	1,	1,	1,	1,	1,	1,	1,	1,	1,	1,	1,	1,	1,	1,	1,	1,	1,	1,	1,	1,	1,	1,	1,	1,	1,	1,	1,	1,	1],
[1,	1,	1,	1,	1,	1,	1,	1,	1,	1],
[],
[1,	1,	1,	1,	1,	1,	1,	1,	1],
[1,	1,	1,	1,	1,	1,	1,	1,	1,	1,	1,	1,	1,	1,	1,	1,	1,	1,	1,	1,	1,	1,	1,	1,	1,	1,	1,	1,	1,	1,	1,	1,	1,	1],
[1],
[1,	1,	1,	1,	1,	1,	1,	1],
[1,	1,	1,	1,	1,	1,	1,	1,	1,	1,	1,	1,	1,	1,	1,	1,	1,	1,	1,	1,	1,	1,	1,	1,	1,	1,	1,	1],
[1,	1,	1,	1,	1,	1,	1,	1],
[1,	1,	1,	1,	1],
[1,	1,	1,	1,	1,	1,	1],
[1,	1,	1,	1,	1,	1,	1,	1,	1,	1,	1,	1,	1,	1,	1,	1,	1,	1,	1,	1,	1,	1,	1,	1,	1,	1,	1,	1],
[1,	1,	1,	1,	1,	1,	1,	1,	1,	1,	1,	1,	1,	1,	1,	1,	1,	1,	1,	1,	1,	1,	1,	1],
[1,	1,	1,	1,	1,	1,	1],
[1,	1,	1,	1],
[1,	1,	1,	1,	1,	1],
[1,	1,	1,	1,	1,	1,	1,	1,	1],
[1,	1,	1,	1,	1,	1,	1,	1],
[1,	1,	1,	1,	1,	1,	1,	1,	1,	1,	1,	1,	1,	1,	1,	1,	1,	1,	1,	1,	1,	1,	1,	1],
[1,	1,	1,	1],
[1,	1,	1,	1,	1,	1,	1,	1,	1],
[1,	1,	1,	1,	1],
[1,	1,	1,	1,	1,	1,	1,	1,	1,	1,	1,	1,	1,	1,	1,	1,	1,	1,	1,	1,	1,	1,	1,	1,	1,	1,	1,	1,	1],
[1,	1,	1,	1,	1,	1,	1,	1,	1,	1,	1,	1,	1,	1,	1,	1,	1,	1,	1,	1,	1,	1,	1,	1,	1],
[],
[1,	1,	1,	1,	1],
[1,	1,	1,	1,	1,	1,	1,	1,	1,	1,	1,	1,	1,	1,	1,	1,	1,	1,	1,	1,	1,	1,	1,	1,	1,	1,	1],
[1,	1,	1,	1,	1],
[1,	1],
[1,	1,	1],
[1,	1,	1,	1,	1,	1,	1],
[1,	1,	1,	1,	1,	1,	1,	1,	1,	1,	1,	1,	1,	1,	1,	1,	1,	1,	1,	1,	1,	1,	1,	1,	1,	1,	1,	1],
[1,	1,	1,	1,	1,	1,	1,	1,	1],
[1,	1,	1,	1,	1,	1,	1,	1,	1,	1,	1,	1,	1,	1,	1,	1,	1,	1,	1,	1,	1,	1,	1,	1,	1,	1,	1,	1,	1,	1,	1,	1,	1,	1],
[],
[1,	1,	1,	1],
[1,	1,	1,	1,	1,	1],
[1,	1,	1,	1,	1,	1,	1,	1,	1,	1,	1,	1,	1,	1,	1,	1,	1,	1,	1,	1,	1,	1,	1,	1,	1,	1,	1,	1,	1,	1],
[1,	1,	1,	1,	1,	1,	1,	1,	1,	1,	1,	1,	1,	1,	1,	1,	1,	1,	1,	1,	1,	1,	1,	1,	1,	1,	1,	1],
[],
[1,	1,	1,	1,	1,	1,	1,	1,	1,	1,	1,	1,	1,	1,	1,	1,	1,	1,	1,	1,	1,	1,	1,	1,	1,	1,	1,	1,	1,	1,	1,	1,	1,	1,	1,	1],
[1,	1,	1,	1,	1],
[1,	1,	1,	1,	1,	1,	1,	1,	1,	1,	1],
[1,	1,	1,	1,	1,	1,	1,	1,	1,	1,	1,	1,	1,	1,	1,	1,	1,	1,	1,	1,	1,	1,	1,	1,	1,	1,	1,	1,	1,	1,	1,	1,	1,	1],
[1,	1,	1,	1],
[1,	1,	1,	1,	1],
[1,	1,	1,	1,	1,	1,	1,	1,	1,	1,	1,	1,	1,	1,	1,	1,	1,	1,	1,	1,	1,	1,	1,	1,	1,	1,	1,	1,	1,	1,	1,	1,	1,	1,	1],
[1,	1,	1,	1,	1,	1,	1],
[],
[1,	1,	1,	1,	1,	1,	1,	1,	1,	1,	1],
[1,	1,	1,	1,	1,	1],
[1,	1,	1,	1],
[1,	1,	1,	1,	1,	1,	1,	1,	1],
[1,	1,	1,	1],
[1,	1,	1,	1],
[1,	1,	1,	1],
[],
[],
[1,	1,	1,	1,	1,	1],
[1,	1,	1,	1,	1,	1,	1],
[1,	1,	1,	1,	1,	1,	1,	1,	1,	1,	1,	1,	1,	1,	1,	1,	1,	1,	1,	1,	1,	1,	1,	1,	1,	1,	1,	1,	1,	1,	1,	1,	1,	1,	1,	1,	1,	1],
[1,	1,	1],
[],
[1,	1,	1,	1,	1,	1,	1,	1,	1,	1,	1,	1,	1,	1,	1,	1,	1,	1,	1,	1,	1,	1,	1,	1,	1,	1,	1,	1,	1,	1,	1,	1,	1,	1,	1,	1,	1,	1,	1],
[1,	1,	1,	1,	1,	1,	1],
[1,	1,	1],
[1,	1,	1,	1,	1,	1,	1,	1],
[],
[1,	1,	1,	1,	1,	1,	1,	1,	1,	1,	1,	1,	1,	1,	1,	1,	1,	1,	1,	1,	1,	1,	1,	1,	1,	1,	1,	1,	1,	1,	1,	1],
[1,	1,	1,	1,	1,	1,	1,	1,	1,	1,	1,	1,	1,	1,	1,	1,	1,	1,	1,	1,	1,	1,	1,	1,	1,	1,	1,	1,	1,	1,	1,	1,	1,	1,	1,	1,	1,	1,	1,	1],
[1,	1,	1,	1],
[1,	1,	1],
[1,	1,	1,	1,	1,	1,	1],
[1,	1,	1,	1,	1,	1,	1],
[1,	1,	1,	1,	1,	1,	1,	1,	1,	1,	1,	1,	1,	1,	1,	1,	1,	1,	1,	1,	1,	1,	1,	1,	1,	1,	1,	1,	1],
[1,	1,	1,	1,	1,	1,	1,	1,	1,	1],
[1,	1,	1,	1,	1,	1,	1],
[1,	1,	1,	1,	1,	1,	1,	1,	1,	1,	1,	1,	1,	1,	1,	1,	1,	1,	1,	1,	1,	1,	1,	1,	1,	1,	1],
[1,	1,	1,	1,	1,	1,	1],
[1,	1,	1],
[1,	1,	1,	1,	1,	1],
[1,	1,	1,	1,	1,	1,	1],
[1,	1,	1,	1],
[1,	1,	1,	1,	1,	1,	1],
[1,	1,	1,	1,	1,	1],
[1,	1,	1,	1,	1,	1,	1,	1,	1,	1,	1,	1,	1,	1,	1,	1,	1,	1,	1,	1,	1,	1,	1,	1,	1,	1,	1,	1,	1,	1],
[1,	1,	1],
[1,	1,	1,	1,	1,	1,	1],
[],
[1,	1,	1,	1,	1,	1,	1,	1,	1,	1,	1,	1],
[1,	1,	1,	1],
[1,	1,	1,	1,	1,	1,	1],
[1,	1,	1,	1,	1,	1,	1,	1,	1,	1,	1,	1,	1,	1,	1,	1,	1,	1,	1,	1,	1,	1,	1,	1,	1,	1,	1,	1,	1,	1,	1,	1,	1,	1,	1,	1,	1,	1],
[1],
[1,	1,	1,	1],
[1,	1,	1,	1,	1,	1,	1,	1],
[1,	1,	1,	1,	1,	1],
[1,	1,	1,	1,	1,	1],
[1,	1,	1,	1,	1,	1,	1,	1,	1,	1,	1,	1,	1,	1,	1,	1,	1,	1,	1,	1,	1,	1,	1,	1,	1,	1,	1,	1,	1,	1,	1,	1,	1,	1,	1,	1,	1,	1,	1,	1,	1,	1,	1],
[1,	1,	1,	1,	1,	1,	1],
[1,	1,	1,	1],
[1,	1,	1,	1,	1,	1,	1,	1,	1,	1,	1,	1,	1,	1,	1,	1,	1,	1,	1,	1,	1,	1,	1,	1,	1,	1,	1,	1,	1,	1,	1],
[1,	1,	1,	1],
[1,	1,	1,	1,	1,	1,	1,	1],
[1,	1,	1,	1,	1,	1,	1,	1],
[1,	1,	1,	1,	1,	1,	1],
[1,	1,	1,	1,	1,	1,	1],
[1,	1,	1,	1],
[1,	1,	1,	1,	1,	1,	1,	1,	1,	1,	1,	1,	1,	1,	1,	1,	1,	1,	1,	1,	1,	1,	1,	1,	1],
[1,	1,	1,	1,	1,	1,	1,	1,	1,	1,	1,	1,	1,	1,	1,	1,	1,	1,	1,	1,	1,	1,	1,	1,	1,	1,	1,	1,	1,	1,	1,	1,	1,	1,	1,	1,	1,	1],
[1,	1,	1,	1,	1,	1,	1,	1,	1,	1,	1,	1,	1,	1,	1,	1,	1,	1,	1,	1,	1,	1,	1,	1,	1,	1,	1,	1],
[1,	1,	1,	1,	1,	1,	1,	1,	1,	1,	1,	1,	1,	1,	1,	1,	1,	1,	1,	1,	1,	1,	1,	1,	1,	1,	1,	1,	1,	1,	1,	1,	1,	1,	1],
[1,	1,	1,	1,	1,	1,	1,	1],
[1,	1,	1],
[1,	1,	1,	1,	1,	1,	1,	1,	1,	1,	1,	1,	1,	1,	1,	1,	1,	1,	1,	1,	1,	1],
[1,	1,	1],
[1,	1,	1,	1,	1],
[1,	1,	1],
[1,	1,	1],
[1,	1,	1,	1,	1,	1],
[1,	1,	1,	1,	1,	1,	1,	1,	1],
[1,	1,	1,	1,	1],
[1,	1,	1,	1,	1],
[1,	1,	1,	1,	1,	1],
[1,	1,	1,	1],
[1,	1,	1,	1,	1],
[1,	1,	1],
[1,	1,	1,	1,	1,	1,	1,	1],
[1,	1,	1,	1,	1,	1,	1,	1,	1,	1],
[1,	1,	1,	1,	1,	1,	1,	1,	1,	1,	1,	1,	1,	1,	1,	1,	1,	1,	1,	1,	1,	1],
[1,	1,	1,	1,	1,	1,	1,	1,	1,	1,	1,	1,	1,	1,	1,	1,	1,	1,	1,	1,	1,	1],
[1,	1,	1,	1,	1,	1,	1,	1,	1,	1,	1,	1,	1,	1,	1,	1,	1,	1,	1,	1,	1,	1,	1,	1,	1,	1],
[1,	1,	1,	1,	1,	1,	1,	1,	1,	1,	1,	1,	1,	1,	1,	1,	1,	1,	1,	1,	1,	1,	1,	1,	1,	1,	1,	1,	1,	1,	1],
[1,	1,	1,	1,	1,	1,	1,	1,	1,	1,	1,	1,	1,	1,	1,	1,	1,	1,	1,	1,	1,	1,	1,	1,	1,	1,	1],
[1,	1,	1,	1,	1,	1,	1,	1,	1,	1,	1,	1,	1,	1,	1,	1,	1,	1,	1,	1,	1,	1,	1],
[1,	1,	1,	1,	1,	1,	1,	1,	1,	1,	1,	1,	1,	1,	1,	1,	1,	1,	1,	1,	1,	1,	1,	1,	1,	1,	1,	1,	1,	1,	1,	1,	1,	1,	1,	1],
[1,	1,	1,	1,	1,	1,	1,	1,	1,	1,	1,	1,	1,	1,	1,	1,	1,	1,	1,	1,	1,	1,	1,	1,	1,	1,	1,	1,	1,	1,	1,	1,	1,	1,	1],
[1,	1,	1,	1,	1,	1,	1,	1,	1,	1,	1,	1,	1,	1,	1,	1,	1,	1,	1,	1,	1,	1,	1,	1,	1,	1,	1],
[1,	1,	1,	1,	1,	1,	1,	1,	1,	1,	1,	1,	1,	1,	1,	1,	1,	1,	1,	1,	1,	1,	1,	1,	1,	1,	1],
[1,	1,	1,	1,	1,	1,	1,	1,	1,	1,	1,	1,	1,	1,	1,	1,	1,	1,	1,	1,	1,	1,	1,	1],
[1,	1,	1,	1,	1,	1,	1,	1,	1,	1,	1,	1,	1,	1,	1,	1,	1,	1,	1]]
[0,	0,	1,	1,	1,	0,	1,	1,	1,	1,	1,	1,	1,	1,	1,	1,	0,	0,	0,	1,	1,	1,	0,	1,	0,	0,	1,	1,	1,	1,	1,	0,	1,	0,	0,	1,	1,	1,	0,	1,	1,	1,	0,	1,	1,	1,	1,	1,	0,	0,	0,	1,	0,	1,	1,	1,	1,	0,	1,	1,	1,	1,	1,	1,	1,	0,	1,	1,	1,	1,	1,	1,	1,	0,	1,	1,	0,	0,	1,	1,	1,	0,	1,	1,	0,	0,	1,	1,	0,	0,	0,	0,	1,	1,	1,	1,	1,	1,	1,	1,	0,	1,	0,	1,	0,	1,	1,	0,	1,	1,	1,	1,	1,	0,	1,	0,	0,	0,	1,	0,	1,	1,	1,	1,	0,	1,	1,	0,	1,	1,	1,	1,	1,	1,	0,	0,	1,	1,	0,	1,	1,	1,	0,	0,	1,	1,	1,	1,	1,	1,	0,	1,	0,	0,	1,	0,	1,	1,	1,	1,	1,	1,	1,	1,	1,	1,	1,	1,	1,	1,	1,	1,	1,	1,	1,	0,	1,	1,	0,	0,	0,	1,	1,	1,	1,	1,	1,	1,	1,	1,	1,	1,	1,	1,	1,	1,	1,	1,	1,	0,	1,	1,	1,	1,	0,	1,	1,	1,	1,	1,	0,	0,	0,	0,	0,	1,	0,	1,	1,	1,	1,	1,	0,	1,	1,	1,	1,	1,	0,	1,	0,	0,	0,	1,	1,	1,	0,	1,	1,	1,	0,	0,	1,	1,	1,	1,	1,	0,	1,	1,	0,	1,	1,	1,	1,	1]