268	12	256	8277
[[6,	25,	27,	36,	41,	43,	46,	57,	59,	65,	66,	80,	82,	103,	113,	125,	129,	136,	142,	159,	162,	188,	190,	212,	218,	225,	228,	230,	244,	246,	256],
[1,	10,	24,	32,	36,	39,	40,	43,	48,	50,	55,	59,	60,	86,	89,	103,	112,	142,	153,	180,	188,	192,	210,	216,	227,	228,	234,	240,	244,	246],
[1,	6,	10,	17,	19,	24,	40,	55,	59,	65,	66,	100,	103,	109,	112,	115,	124,	136,	138,	142,	145,	153,	162,	174,	183,	198,	212,	218,	224,	227,	235,	252],
[10,	17,	36,	40,	46,	50,	52,	58,	65,	66,	79,	92,	124,	129,	131,	136,	138,	142,	153,	162,	172,	174,	183,	190,	205,	211,	212,	218,	221,	225,	227,	234,	250,	251],
[1,	10,	17,	39,	40,	48,	58,	65,	66,	89,	90,	145,	174,	183,	186,	188,	190,	192,	193,	198,	212,	213,	220,	224,	234,	237,	246,	256],
[10,	17,	32,	36,	40,	46,	55,	57,	65,	66,	73,	89,	109,	112,	120,	124,	142,	162,	174,	192,	198,	212,	218,	225,	228,	235,	241,	244,	251,	256],
[4,	17,	19,	40,	46,	50,	52,	58,	59,	65,	100,	110,	171,	174,	183,	186,	197,	211,	212,	217,	235,	244,	246,	248,	251,	256],
[1,	2,	10,	17,	27,	40,	48,	52,	55,	58,	59,	60,	65,	66,	71,	100,	109,	124,	129,	142,	145,	163,	178,	186,	188,	190,	193,	212,	218,	227,	230,	237,	251,	256],
[11,	27,	36,	40,	44,	48,	103,	112,	116,	120,	124,	126,	128,	136,	142,	174,	192,	212,	224,	225,	228,	236,	240,	244,	246,	251,	252,	256],
[32,	36,	46,	50,	52,	53,	59,	60,	65,	66,	109,	113,	124,	131,	132,	142,	153,	183,	188,	190,	192,	212,	218,	219,	230,	244,	251,	256],
[1,	19,	27,	40,	46,	48,	50,	52,	59,	60,	66,	82,	89,	100,	104,	124,	129,	131,	145,	150,	154,	174,	189,	192,	212,	216,	225,	228,	230,	244,	246],
[1,	10,	19,	32,	39,	40,	48,	52,	55,	60,	65,	86,	87,	92,	95,	96,	101,	129,	136,	176,	186,	187,	198,	225,	228,	230,	235,	237,	244,	246],
[28,	29,	32,	35,	36,	42,	46,	55,	65,	66,	80,	100,	109,	145,	155,	188,	193,	212,	215,	224,	225,	228,	234,	235,	244,	246,	251],
[1,	17,	19,	27,	38,	40,	46,	50,	60,	65,	103,	109,	124,	131,	142,	153,	183,	190,	192,	193,	198,	212,	225,	234,	237,	238,	251,	256],
[1,	10,	18,	21,	27,	32,	36,	51,	52,	58,	60,	65,	97,	100,	116,	131,	142,	148,	153,	154,	170,	174,	184,	186,	188,	210,	212,	216,	218,	225,	230,	256],
[10,	19,	27,	32,	38,	40,	43,	50,	55,	58,	89,	103,	112,	122,	124,	129,	136,	140,	145,	151,	174,	183,	188,	210,	212,	216,	225,	228,	232,	237,	239,	246,	256],
[10,	19,	36,	37,	39,	40,	48,	55,	58,	59,	65,	100,	103,	109,	110,	123,	132,	142,	145,	169,	186,	188,	190,	192,	195,	198,	202,	224,	225,	228,	234,	240,	251],
[36,	39,	41,	49,	50,	52,	55,	58,	59,	66,	110,	112,	124,	131,	136,	142,	145,	162,	178,	183,	186,	192,	193,	198,	212,	216,	218,	225,	227,	228,	230,	237,	256],
[32,	37,	40,	42,	50,	55,	65,	66,	103,	108,	112,	124,	136,	141,	142,	146,	161,	174,	183,	186,	191,	193,	198,	216,	234,	237,	251,	256],
[19,	27,	31,	32,	39,	46,	50,	52,	58,	60,	61,	65,	79,	101,	102,	103,	124,	144,	173,	183,	192,	193,	211,	212,	216,	229,	230,	237,	244,	251,	255],
[5,	10,	17,	36,	38,	39,	41,	59,	60,	61,	91,	113,	129,	130,	131,	136,	142,	162,	183,	186,	192,	212,	216,	225,	228,	230,	235,	237],
[19,	27,	36,	39,	40,	46,	50,	55,	59,	64,	66,	89,	100,	131,	145,	149,	153,	188,	212,	216,	218,	225,	227,	228,	237,	244,	246],
[10,	17,	19,	21,	24,	28,	30,	36,	39,	50,	52,	55,	57,	59,	60,	65,	66,	72,	89,	100,	112,	124,	129,	145,	153,	163,	174,	186,	188,	190,	198,	212,	216,	218,	225,	227,	228,	230,	237,	242,	244,	246,	251,	252,	255,	256],
[10,	17,	19,	27,	36,	41,	50,	55,	58,	60,	76,	79,	89,	90,	120,	136,	153,	174,	183,	188,	192,	198,	210,	225,	235,	237,	251,	256],
[1,	10,	15,	19,	27,	36,	39,	40,	46,	48,	50,	66,	81,	100,	103,	109,	129,	131,	136,	142,	188,	203,	212,	216,	218,	224,	225,	234,	237],
[10,	32,	38,	39,	41,	46,	48,	50,	59,	73,	89,	100,	103,	124,	132,	183,	192,	193,	207,	228,	232,	237,	251],
[17,	32,	36,	39,	40,	41,	50,	55,	56,	58,	66,	83,	89,	109,	114,	125,	136,	141,	145,	160,	165,	183,	186,	188,	202,	212,	228,	230,	234,	243,	251],
[19,	27,	29,	32,	39,	41,	52,	58,	66,	70,	89,	100,	124,	129,	136,	151,	152,	153,	183,	192,	193,	198,	212,	216,	224,	225,	235,	248,	251],
[10,	17,	52,	58,	60,	84,	100,	109,	124,	129,	131,	162,	170,	183,	190,	192,	193,	212,	218,	228,	230,	235,	244,	255],
[4,	14,	16,	17,	36,	39,	46,	48,	52,	65,	80,	100,	103,	112,	124,	129,	131,	136,	166,	184,	186,	190,	198,	212,	218,	228,	234,	237,	249,	256],
[6,	17,	18,	39,	41,	46,	48,	52,	55,	60,	65,	66,	81,	89,	90,	100,	109,	124,	125,	129,	136,	149,	153,	161,	168,	183,	188,	196,	198,	212,	224,	228,	237,	256],
[4,	10,	23,	36,	46,	48,	52,	55,	58,	59,	89,	124,	129,	142,	153,	155,	162,	164,	183,	190,	198,	218,	224,	227,	230,	235,	237,	251,	256],
[1,	4,	27,	32,	44,	50,	52,	66,	81,	89,	100,	103,	113,	117,	120,	142,	162,	179,	183,	186,	188,	190,	192,	193,	198,	216,	224,	225,	228,	251],
[1,	24,	27,	32,	36,	41,	48,	59,	65,	72,	82,	89,	109,	112,	127,	142,	183,	192,	212,	216,	222,	223,	235,	237,	244,	251],
[1,	5,	19,	27,	32,	36,	41,	46,	55,	58,	60,	66,	90,	91,	100,	114,	136,	142,	145,	174,	183,	190,	192,	196,	216,	218,	228,	234,	235,	237,	246,	249,	256],
[3,	10,	17,	19,	40,	41,	48,	50,	53,	60,	65,	66,	67,	89,	100,	109,	112,	131,	162,	173,	174,	188,	190,	192,	193,	198,	216,	218,	227,	228,	235,	246,	256],
[10,	19,	32,	36,	38,	40,	46,	58,	59,	66,	82,	97,	100,	103,	112,	124,	129,	142,	145,	160,	162,	172,	183,	186,	188,	190,	193,	198,	212,	218,	225,	227,	230,	234,	235,	251,	256],
[17,	19,	26,	36,	39,	40,	46,	50,	59,	65,	100,	103,	109,	111,	112,	124,	140,	145,	154,	162,	183,	186,	190,	197,	204,	212,	216,	218,	225,	227,	232,	256],
[1,	12,	19,	27,	34,	36,	41,	48,	58,	60,	65,	71,	101,	103,	119,	129,	131,	136,	153,	180,	186,	192,	218,	224,	225,	228,	233,	251,	255,	256],
[17,	27,	28,	33,	41,	46,	49,	58,	65,	66,	69,	81,	100,	109,	112,	129,	130,	131,	142,	153,	162,	190,	193,	198,	212,	218,	225,	226,	227,	228,	234],
[10,	17,	36,	48,	50,	52,	55,	56,	89,	100,	124,	129,	131,	145,	188,	190,	192,	212,	218,	228,	230,	234,	251],
[1,	6,	10,	17,	19,	36,	39,	41,	46,	50,	52,	55,	60,	65,	89,	107,	109,	115,	124,	131,	145,	153,	163,	174,	186,	189,	190,	192,	193,	218,	224,	227,	230,	237,	256],
[10,	19,	27,	32,	36,	40,	46,	50,	52,	55,	59,	60,	66,	94,	112,	116,	131,	132,	136,	142,	153,	158,	165,	174,	186,	198,	227,	228,	229,	232,	234,	235,	237,	243,	244,	246],
[27,	32,	40,	41,	46,	50,	55,	58,	60,	66,	89,	100,	103,	109,	117,	124,	131,	145,	162,	174,	188,	190,	192,	204,	206,	227,	228,	230,	233,	234,	235,	244,	246,	251],
[23,	40,	48,	52,	60,	65,	74,	85,	89,	100,	103,	116,	153,	162,	183,	192,	212,	216,	218,	224,	225,	227,	228,	234,	235,	244,	256],
[1,	19,	27,	32,	41,	48,	50,	52,	60,	65,	78,	89,	102,	109,	110,	112,	136,	142,	145,	153,	177,	183,	186,	190,	212,	216,	218,	225,	230,	237,	244,	251],
[19,	27,	32,	40,	48,	50,	55,	58,	59,	89,	100,	124,	131,	136,	142,	145,	157,	165,	175,	190,	198,	216,	224,	227,	230,	237,	241,	244,	251],
[32,	36,	40,	41,	46,	50,	55,	58,	59,	100,	103,	109,	112,	124,	129,	145,	162,	188,	194,	196,	212,	216,	218,	225,	230,	235,	241,	244,	245,	246,	256],
[27,	39,	41,	48,	52,	55,	57,	60,	107,	118,	124,	131,	135,	142,	145,	162,	186,	190,	198,	212,	216,	218,	224,	225,	228,	235,	244,	246,	251],
[10,	32,	39,	40,	41,	44,	46,	55,	58,	65,	66,	80,	95,	104,	112,	118,	119,	129,	131,	142,	168,	183,	186,	188,	190,	198,	203,	212,	218,	219,	227,	230,	237,	243,	251,	256],
[1,	10,	27,	32,	36,	39,	44,	48,	65,	75,	89,	100,	124,	142,	145,	178,	180,	183,	190,	198,	212,	213,	216,	218,	223,	227,	244],
[10,	13,	19,	27,	32,	40,	41,	46,	58,	59,	60,	66,	90,	100,	109,	124,	136,	142,	162,	166,	183,	186,	190,	191,	192,	201,	225,	226,	227,	228,	230,	239,	246],
[1,	10,	27,	32,	39,	41,	55,	56,	58,	66,	78,	100,	103,	112,	124,	131,	134,	136,	145,	153,	154,	173,	174,	183,	186,	188,	198,	213,	218,	225,	227,	228,	233,	235,	237,	244,	246,	256],
[6,	14,	27,	30,	36,	41,	58,	60,	65,	66,	89,	100,	103,	124,	131,	136,	145,	146,	171,	183,	186,	198,	218,	223,	227,	232,	237,	251,	256],
[1,	9,	10,	17,	23,	27,	32,	36,	46,	48,	58,	59,	60,	65,	66,	89,	124,	131,	162,	183,	186,	190,	192,	193,	198,	212,	225,	227,	228,	230,	234,	235,	238,	244,	246,	251,	256],
[17,	36,	39,	40,	48,	50,	52,	59,	99,	118,	131,	136,	142,	183,	190,	198,	205,	212,	216,	221,	224,	229,	234,	237,	239,	246,	254,	256],
[19,	22,	32,	39,	40,	46,	48,	51,	52,	55,	58,	59,	63,	65,	80,	87,	109,	123,	136,	153,	162,	174,	179,	192,	193,	198,	224,	230,	234,	235,	237,	244,	246],
[4,	17,	19,	32,	36,	40,	41,	46,	50,	59,	65,	66,	89,	96,	124,	126,	129,	131,	145,	152,	174,	177,	183,	186,	192,	193,	210,	212,	224,	227,	228,	242,	246,	249,	251,	256],
[5,	10,	19,	36,	39,	40,	48,	60,	87,	89,	103,	112,	124,	129,	136,	142,	162,	177,	183,	186,	190,	193,	196,	212,	219,	225,	227,	234,	235,	244,	246,	251],
[10,	15,	17,	19,	27,	41,	46,	50,	59,	65,	89,	100,	103,	151,	159,	162,	186,	188,	192,	216,	219,	224,	227,	231,	234,	237,	251],
[1,	10,	15,	32,	39,	40,	41,	46,	48,	50,	60,	65,	82,	100,	109,	124,	129,	148,	166,	167,	174,	183,	186,	188,	193,	212,	216,	218,	222,	228,	236,	249,	251,	256],
[5,	27,	36,	39,	40,	46,	52,	58,	59,	60,	70,	86,	89,	91,	92,	100,	101,	103,	129,	136,	145,	174,	188,	190,	192,	198,	227,	230,	234,	239,	241,	244,	251,	253,	256],
[1,	10,	17,	19,	36,	39,	40,	46,	50,	52,	55,	86,	93,	100,	103,	129,	131,	148,	156,	183,	188,	193,	212,	218,	228,	230,	235,	237,	246,	254,	256],
[1,	10,	32,	36,	39,	40,	48,	50,	52,	55,	58,	66,	89,	100,	112,	124,	129,	137,	145,	152,	162,	174,	186,	188,	189,	212,	214,	216,	225,	226,	230,	235,	237,	244,	251,	256],
[10,	17,	19,	40,	41,	47,	48,	66,	103,	112,	129,	142,	145,	153,	163,	190,	192,	194,	212,	214,	216,	224,	237,	244,	251,	256],
[1,	9,	39,	40,	41,	53,	58,	59,	65,	83,	89,	100,	109,	112,	124,	136,	142,	162,	171,	183,	190,	198,	224,	225,	227,	235,	237,	244,	246,	256],
[1,	10,	11,	19,	25,	32,	36,	48,	50,	55,	56,	58,	100,	120,	123,	124,	131,	136,	142,	190,	198,	224,	225,	228,	233,	244,	246],
[10,	13,	27,	36,	40,	41,	48,	55,	58,	59,	65,	85,	89,	112,	116,	118,	131,	132,	142,	153,	162,	186,	188,	206,	212,	216,	218,	222,	230,	234,	235,	237,	244,	246,	247],
[5,	10,	32,	39,	40,	46,	50,	58,	60,	89,	103,	124,	131,	136,	145,	149,	153,	174,	183,	188,	212,	215,	218,	224,	225,	227,	234,	237],
[10,	24,	27,	46,	48,	55,	59,	60,	64,	65,	103,	112,	124,	129,	131,	145,	174,	180,	192,	193,	197,	212,	216,	218,	230,	235,	237,	242,	251,	256],
[16,	17,	19,	27,	36,	50,	58,	109,	112,	124,	129,	131,	142,	153,	158,	161,	162,	174,	190,	191,	192,	193,	218,	224,	227,	230,	235,	237,	244,	246,	251,	256],
[1,	25,	27,	34,	40,	46,	48,	50,	54,	58,	59,	60,	103,	118,	129,	142,	162,	169,	183,	190,	192,	198,	212,	225,	227,	230,	234,	235,	237,	244,	256],
[1,	23,	38,	40,	41,	46,	52,	58,	59,	66,	82,	89,	125,	129,	131,	142,	153,	162,	169,	183,	188,	193,	216,	227,	230,	234,	235,	244,	253],
[10,	14,	39,	46,	52,	55,	66,	79,	100,	112,	136,	142,	162,	183,	186,	192,	193,	198,	237,	247,	251],
[32,	39,	52,	55,	61,	66,	69,	99,	100,	109,	110,	112,	119,	174,	183,	186,	190,	216,	218,	224,	227,	237],
[1,	19,	21,	24,	27,	40,	46,	48,	50,	52,	57,	65,	88,	90,	100,	126,	129,	131,	145,	153,	162,	188,	190,	198,	213,	224,	227,	230,	244,	252],
[1,	10,	17,	19,	36,	50,	55,	58,	59,	65,	89,	103,	109,	112,	124,	129,	131,	162,	174,	188,	220,	224,	226,	227,	228,	230,	233,	234,	237,	244,	246,	251,	256],
[1,	17,	19,	27,	36,	40,	50,	56,	58,	66,	85,	91,	95,	100,	103,	104,	122,	129,	132,	133,	136,	183,	186,	188,	216,	237,	242,	244,	251,	256],
[9,	17,	19,	27,	32,	46,	48,	52,	56,	58,	65,	66,	74,	103,	112,	115,	124,	131,	139,	145,	162,	174,	189,	191,	225,	230,	251,	256],
[17,	27,	39,	40,	41,	46,	52,	55,	58,	59,	65,	67,	89,	93,	96,	103,	129,	142,	153,	162,	216,	218,	227,	244,	256],
[1,	17,	27,	32,	36,	40,	46,	50,	55,	59,	65,	94,	103,	112,	113,	119,	121,	122,	129,	130,	131,	136,	142,	162,	180,	186,	188,	190,	193,	198,	212,	216,	218,	227,	234],
[7,	10,	19,	27,	32,	36,	39,	48,	50,	57,	58,	59,	60,	65,	66,	85,	100,	103,	109,	112,	142,	151,	162,	174,	183,	188,	190,	193,	216,	224,	230,	234,	246,	251,	256],
[1,	19,	32,	39,	55,	58,	66,	80,	81,	86,	99,	100,	103,	112,	129,	131,	136,	142,	174,	183,	186,	188,	190,	192,	193,	206,	209,	212,	216,	218,	225,	230,	234,	237,	250],
[1,	15,	17,	27,	32,	46,	48,	55,	66,	89,	103,	112,	129,	131,	132,	139,	142,	144,	145,	162,	186,	189,	212,	216,	218,	227,	235,	244,	246,	256],
[17,	19,	32,	36,	41,	46,	48,	52,	55,	59,	60,	63,	66,	99,	109,	112,	130,	136,	142,	183,	188,	193,	198,	216,	218,	225,	230,	231,	234,	237,	251,	256],
[13,	31,	36,	40,	41,	48,	50,	52,	59,	65,	100,	109,	112,	120,	129,	148,	153,	168,	184,	186,	193,	198,	216,	218,	224,	226,	227,	234,	237,	243,	246,	251],
[1,	8,	10,	17,	19,	20,	27,	39,	40,	41,	50,	55,	58,	65,	100,	103,	109,	124,	128,	136,	145,	174,	183,	188,	192,	193,	202,	209,	212,	216,	225,	228,	249],
[1,	12,	23,	32,	36,	39,	40,	41,	50,	54,	59,	66,	89,	99,	100,	103,	112,	131,	142,	155,	158,	183,	186,	188,	192,	193,	198,	212,	216,	218,	228,	235,	237,	246],
[1,	10,	17,	41,	52,	54,	59,	66,	85,	103,	109,	112,	117,	118,	129,	136,	142,	183,	186,	188,	190,	193,	201,	213,	216,	224,	227,	228,	229,	230,	243,	244,	251,	252,	256],
[17,	19,	27,	32,	33,	37,	46,	52,	60,	65,	89,	100,	112,	129,	153,	162,	174,	183,	192,	193,	198,	225,	228,	237,	246,	256],
[1,	8,	10,	19,	36,	46,	48,	50,	65,	66,	101,	103,	109,	115,	124,	131,	136,	142,	154,	157,	174,	183,	186,	187,	193,	212,	218,	221,	224,	227,	246,	251],
[27,	32,	35,	36,	39,	41,	43,	46,	48,	50,	52,	59,	60,	66,	89,	100,	103,	109,	126,	137,	138,	145,	162,	174,	188,	218,	228,	235,	246,	251,	256],
[1,	15,	17,	39,	41,	49,	52,	66,	109,	112,	113,	124,	131,	146,	178,	183,	188,	193,	195,	198,	201,	203,	228,	230,	235,	236,	237,	246,	251,	253,	256],
[1,	4,	7,	10,	38,	41,	48,	50,	58,	60,	65,	89,	124,	174,	183,	190,	193,	198,	202,	205,	212,	218,	224,	227,	230,	231,	234,	244,	246,	251],
[10,	17,	20,	29,	35,	39,	40,	48,	50,	52,	58,	59,	71,	75,	76,	88,	89,	105,	110,	118,	124,	129,	136,	143,	145,	162,	183,	194,	212,	216,	225,	227,	230,	234,	237,	244,	251],
[10,	13,	19,	27,	36,	39,	52,	55,	57,	58,	64,	89,	108,	109,	112,	131,	153,	162,	187,	188,	192,	193,	212,	218,	224,	237,	251],
[1,	10,	17,	39,	40,	46,	48,	68,	89,	100,	102,	109,	124,	129,	131,	142,	145,	155,	173,	174,	183,	192,	205,	207,	216,	218,	224,	225,	228,	231,	235,	246],
[14,	17,	25,	32,	36,	40,	41,	50,	55,	59,	124,	131,	142,	145,	153,	183,	186,	188,	192,	193,	198,	203,	224,	225,	234,	235,	251,	256],
[1,	5,	12,	27,	32,	36,	39,	40,	41,	46,	48,	49,	50,	54,	66,	90,	109,	112,	129,	145,	175,	183,	186,	228,	234,	235,	237,	244,	251],
[17,	19,	27,	32,	48,	50,	58,	59,	62,	65,	93,	103,	131,	145,	153,	162,	186,	190,	224,	227,	237,	244,	246],
[1,	13,	18,	19,	27,	32,	37,	40,	41,	50,	59,	66,	82,	100,	108,	125,	129,	145,	162,	174,	183,	186,	192,	193,	207,	212,	216,	218,	224,	227,	228,	234,	235,	238,	244,	246,	254,	256],
[1,	12,	19,	36,	48,	65,	68,	103,	109,	112,	124,	130,	136,	153,	156,	162,	186,	190,	192,	212,	216,	227,	235,	242,	244],
[1,	10,	15,	20,	32,	36,	40,	48,	59,	60,	89,	100,	101,	109,	124,	129,	131,	132,	145,	153,	162,	174,	192,	214,	216,	222,	228,	230,	234,	237,	244],
[1,	10,	17,	19,	27,	32,	46,	48,	52,	75,	100,	124,	131,	145,	151,	162,	183,	186,	188,	193,	203,	225,	226,	228,	235,	241,	244,	246,	254,	256],
[1,	13,	17,	27,	36,	50,	55,	59,	60,	99,	100,	112,	128,	129,	142,	157,	169,	177,	188,	190,	192,	212,	216,	221,	225,	227,	228,	237,	244,	256],
[1,	10,	17,	27,	40,	46,	52,	58,	66,	97,	100,	102,	109,	110,	112,	124,	131,	141,	142,	145,	190,	193,	198,	209,	212,	226,	227,	228,	230,	234,	251],
[2,	10,	11,	32,	48,	55,	60,	65,	100,	103,	123,	131,	142,	145,	162,	173,	183,	192,	193,	209,	216,	224,	227,	228,	230,	234,	251,	252,	256],
[10,	14,	17,	19,	27,	30,	36,	40,	48,	59,	65,	74,	77,	100,	103,	112,	124,	131,	162,	198,	212,	225,	228,	234,	256],
[1,	10,	17,	41,	52,	60,	65,	81,	89,	124,	129,	131,	137,	186,	190,	193,	216,	225,	235,	237,	251],
[1,	17,	27,	32,	40,	41,	46,	48,	50,	52,	55,	59,	60,	87,	92,	107,	109,	111,	112,	126,	127,	129,	131,	136,	145,	159,	162,	183,	198,	199,	203,	212,	225,	233,	234,	246,	251],
[2,	8,	17,	19,	48,	52,	55,	59,	60,	65,	92,	109,	112,	116,	124,	129,	131,	135,	136,	138,	142,	145,	162,	176,	183,	193,	198,	199,	216,	224,	225,	227,	228,	234,	240,	244,	248,	251],
[10,	11,	21,	27,	28,	32,	40,	41,	50,	58,	60,	65,	66,	89,	93,	103,	109,	124,	131,	136,	145,	153,	162,	164,	171,	174,	183,	188,	201,	212,	226,	227,	228,	230,	234,	235,	237],
[10,	32,	36,	39,	46,	48,	55,	60,	80,	89,	100,	103,	116,	124,	129,	145,	148,	153,	162,	174,	186,	188,	190,	198,	202,	212,	216,	218,	224,	225,	227,	246,	251,	256],
[10,	27,	32,	36,	40,	46,	48,	52,	58,	59,	60,	99,	104,	112,	121,	124,	132,	136,	145,	147,	162,	173,	174,	183,	186,	188,	190,	198,	206,	212,	216,	224,	225,	227,	228,	230,	234,	235,	244,	256],
[7,	12,	32,	36,	41,	46,	50,	52,	75,	85,	109,	170,	174,	183,	210,	212,	218,	225,	227,	230,	234,	256],
[1,	4,	5,	10,	27,	31,	32,	36,	39,	48,	50,	52,	55,	60,	89,	102,	112,	138,	145,	162,	174,	183,	188,	192,	225,	228,	230,	231,	234,	237,	246,	251],
[36,	40,	46,	48,	65,	66,	74,	89,	93,	100,	112,	114,	123,	135,	137,	153,	154,	162,	174,	183,	188,	193,	194,	198,	212,	216,	237,	240,	244,	246,	248],
[1,	17,	36,	39,	40,	41,	46,	48,	50,	51,	52,	55,	58,	60,	65,	109,	124,	129,	142,	153,	162,	180,	183,	190,	193,	212,	216,	218,	230,	234,	235,	237,	251,	256],
[15,	19,	32,	43,	59,	72,	81,	100,	102,	103,	122,	124,	136,	142,	156,	162,	174,	183,	190,	193,	197,	212,	224,	225,	227,	228,	230,	234,	246],
[16,	32,	36,	39,	40,	48,	50,	52,	55,	58,	60,	65,	89,	98,	100,	109,	112,	122,	131,	136,	152,	153,	161,	162,	174,	183,	186,	202,	212,	216,	224,	225,	234,	237,	244,	246,	251],
[10,	17,	23,	27,	32,	36,	39,	46,	48,	50,	58,	66,	109,	124,	131,	136,	145,	174,	190,	192,	218,	225,	229,	234,	244,	246],
[1,	23,	39,	40,	41,	52,	59,	90,	95,	103,	109,	129,	131,	136,	145,	153,	192,	193,	196,	198,	225,	230,	237,	246,	256],
[23,	25,	52,	55,	58,	66,	100,	109,	117,	124,	136,	142,	145,	162,	174,	188,	190,	192,	216,	224,	225,	228,	230,	235,	237,	244,	251],
[5,	19,	26,	32,	39,	41,	45,	48,	52,	58,	65,	66,	73,	90,	96,	100,	129,	142,	145,	162,	181,	183,	188,	190,	193,	197,	205,	214,	218,	224,	228,	237,	244,	246,	256],
[1,	17,	36,	48,	50,	51,	55,	59,	66,	124,	130,	136,	145,	156,	162,	163,	183,	203,	224,	225,	230,	244],
[17,	19,	27,	32,	40,	42,	49,	50,	58,	60,	64,	85,	88,	89,	112,	115,	124,	145,	153,	173,	183,	186,	188,	190,	216,	225,	227,	228,	234,	235,	244,	246],
[10,	17,	32,	36,	39,	65,	73,	103,	129,	131,	142,	145,	153,	156,	186,	188,	192,	193,	201,	216,	224,	225,	228,	233,	251],
[3,	10,	39,	40,	41,	46,	48,	50,	52,	55,	58,	59,	60,	65,	86,	89,	101,	109,	112,	120,	124,	138,	142,	145,	153,	162,	163,	174,	178,	186,	190,	192,	198,	207,	212,	223,	227,	234,	237,	239,	247,	251],
[19,	36,	39,	41,	48,	50,	52,	55,	58,	65,	100,	103,	116,	124,	190,	192,	198,	218,	224,	225,	229,	234,	235,	237,	244],
[10,	17,	35,	38,	39,	40,	41,	50,	52,	60,	65,	100,	112,	136,	138,	142,	144,	145,	153,	162,	181,	183,	186,	190,	192,	193,	198,	212,	218,	224,	227,	228,	233,	234,	237,	246,	251],
[1,	17,	32,	36,	52,	58,	59,	60,	65,	66,	80,	89,	92,	105,	112,	124,	129,	142,	153,	174,	183,	188,	189,	190,	192,	198,	199,	212,	216,	218,	224,	228,	237,	251,	256],
[1,	27,	32,	36,	40,	41,	48,	50,	52,	55,	58,	59,	60,	65,	66,	72,	74,	89,	100,	103,	109,	112,	136,	142,	143,	147,	149,	154,	177,	193,	216,	227,	228,	230,	235,	237],
[19,	29,	40,	52,	55,	61,	65,	69,	77,	100,	109,	112,	131,	145,	148,	183,	186,	188,	192,	193,	195,	216,	217,	218,	225,	227,	228,	235,	246,	251],
[10,	27,	36,	46,	48,	49,	55,	58,	60,	66,	103,	107,	109,	131,	142,	153,	174,	188,	190,	192,	227,	228,	244],
[10,	12,	19,	32,	36,	39,	46,	48,	50,	59,	72,	89,	129,	147,	155,	162,	174,	183,	190,	192,	216,	218,	225,	227,	237,	240,	251,	256],
[10,	32,	36,	48,	50,	55,	58,	59,	60,	65,	103,	112,	133,	145,	167,	174,	188,	189,	192,	198,	216,	225,	227,	228,	230,	234,	235,	237,	246],
[4,	6,	32,	36,	40,	50,	59,	66,	89,	94,	112,	124,	129,	132,	142,	145,	146,	183,	186,	188,	193,	198,	207,	212,	216,	224,	225,	227,	228,	237,	244,	256],
[1,	4,	10,	19,	36,	39,	41,	46,	48,	50,	65,	97,	109,	112,	124,	129,	136,	153,	174,	180,	190,	225,	227,	230,	235,	251,	256],
[1,	15,	20,	40,	48,	52,	55,	58,	59,	65,	66,	89,	102,	112,	124,	131,	142,	153,	163,	176,	183,	186,	188,	193,	224,	227,	228,	230,	234,	235,	237,	239,	251],
[1,	17,	19,	36,	41,	42,	48,	55,	65,	88,	89,	103,	107,	109,	129,	131,	136,	145,	153,	157,	161,	162,	174,	188,	190,	192,	193,	212,	218,	225,	234,	237,	247,	251,	256],
[10,	19,	39,	41,	45,	46,	50,	55,	65,	69,	77,	100,	107,	109,	145,	147,	162,	172,	183,	186,	193,	195,	198,	212,	216,	218,	226,	227,	228,	230,	237,	251,	256],
[2,	10,	20,	27,	39,	41,	46,	48,	59,	60,	73,	89,	100,	109,	116,	124,	162,	174,	182,	183,	186,	193,	198,	216,	218,	220,	224,	228,	230,	237,	244,	246,	249,	251],
[10,	17,	24,	27,	36,	41,	48,	52,	58,	60,	80,	89,	100,	104,	109,	129,	142,	145,	153,	162,	174,	183,	193,	196,	198,	218,	233,	234,	235,	237,	251],
[19,	27,	36,	46,	48,	59,	60,	68,	89,	100,	101,	103,	129,	136,	142,	174,	186,	192,	193,	198,	212,	214,	220,	237,	256],
[10,	19,	28,	32,	33,	41,	46,	48,	50,	55,	60,	61,	65,	66,	85,	112,	124,	129,	131,	183,	186,	193,	218,	224,	228,	230,	234,	235,	246,	256],
[10,	17,	19,	36,	37,	39,	40,	41,	46,	55,	66,	73,	89,	99,	100,	112,	142,	150,	162,	171,	190,	201,	216,	225,	234,	246],
[10,	13,	17,	30,	41,	50,	55,	56,	103,	109,	112,	124,	129,	131,	137,	142,	145,	154,	162,	173,	174,	183,	190,	193,	201,	207,	234],
[1,	19,	39,	40,	41,	46,	48,	50,	52,	55,	58,	60,	89,	103,	109,	124,	129,	131,	136,	142,	149,	183,	186,	188,	190,	192,	193,	212,	216,	218,	222,	224,	228,	229,	230,	235,	246,	247,	251,	256],
[8,	10,	19,	27,	36,	37,	39,	40,	41,	46,	50,	52,	55,	58,	68,	79,	89,	95,	109,	112,	119,	124,	129,	131,	179,	186,	188,	193,	211,	212,	216,	224,	225,	227,	228,	231,	235,	237,	246],
[1,	10,	17,	19,	36,	40,	49,	55,	80,	81,	82,	94,	103,	109,	112,	129,	131,	140,	145,	162,	183,	188,	192,	193,	194,	198,	216,	218,	224,	225,	235,	251,	256],
[1,	10,	39,	41,	46,	55,	56,	58,	59,	92,	99,	100,	109,	124,	136,	145,	174,	177,	183,	186,	188,	190,	192,	198,	208,	225,	227,	244,	249],
[27,	32,	41,	48,	52,	59,	66,	69,	82,	94,	100,	124,	136,	145,	150,	153,	183,	188,	218,	225,	227,	230,	234,	237,	246,	251],
[1,	18,	19,	32,	36,	40,	48,	52,	55,	60,	65,	81,	91,	100,	103,	124,	129,	133,	142,	162,	183,	186,	192,	193,	204,	206,	212,	215,	218,	225,	227,	237,	251,	256],
[26,	27,	36,	39,	40,	48,	52,	66,	71,	85,	89,	103,	109,	118,	150,	153,	162,	174,	183,	190,	192,	193,	227,	230,	244,	246,	251,	256],
[17,	27,	32,	39,	40,	41,	51,	58,	59,	60,	66,	105,	112,	124,	130,	131,	142,	144,	188,	190,	216,	218,	224,	228,	234,	235,	237,	246,	256],
[10,	17,	27,	39,	40,	41,	43,	48,	52,	59,	66,	89,	109,	112,	129,	145,	162,	198,	224,	227,	244,	246,	251],
[17,	27,	32,	36,	40,	41,	46,	55,	60,	65,	66,	71,	86,	89,	109,	112,	163,	174,	183,	187,	190,	192,	199,	216,	217,	225,	227,	237,	244],
[1,	10,	19,	27,	32,	36,	40,	46,	48,	55,	58,	60,	77,	100,	103,	112,	124,	127,	129,	131,	136,	142,	145,	163,	174,	180,	183,	188,	192,	206,	216,	218,	227,	228,	235,	237,	244],
[1,	10,	32,	39,	52,	53,	60,	66,	70,	118,	124,	136,	162,	183,	188,	198,	211,	224,	225,	227,	230,	234,	235,	246],
[1,	19,	20,	27,	32,	36,	38,	39,	40,	46,	48,	53,	55,	59,	60,	65,	66,	89,	109,	124,	136,	145,	162,	174,	175,	186,	188,	192,	193,	198,	212,	224,	228,	229,	235,	237,	246,	256],
[4,	10,	15,	19,	27,	32,	34,	40,	55,	58,	60,	88,	95,	100,	109,	129,	136,	145,	151,	153,	179,	182,	183,	186,	188,	216,	227,	228,	230,	234,	235,	244,	251,	256],
[1,	10,	32,	39,	40,	41,	48,	50,	52,	55,	60,	62,	100,	109,	112,	113,	124,	129,	136,	153,	155,	174,	183,	188,	192,	198,	212,	216,	223,	234,	244,	245,	246,	255],
[10,	17,	31,	32,	33,	36,	40,	41,	46,	50,	124,	129,	148,	153,	168,	176,	186,	188,	193,	196,	207,	216,	224,	228,	230,	237,	241,	244,	246,	255,	256],
[1,	36,	38,	40,	46,	58,	59,	65,	75,	84,	89,	100,	112,	114,	129,	136,	142,	162,	172,	183,	186,	188,	198,	212,	224,	227,	228,	235,	237],
[1,	17,	19,	27,	32,	40,	43,	50,	55,	59,	63,	66,	73,	103,	111,	129,	162,	174,	186,	190,	192,	198,	216,	218,	224,	236,	237,	250,	256],
[15,	36,	38,	39,	40,	48,	49,	50,	52,	60,	65,	66,	89,	112,	129,	130,	136,	145,	162,	174,	188,	193,	198,	200,	228,	230,	256],
[1,	10,	17,	18,	19,	32,	36,	39,	47,	50,	52,	55,	60,	66,	70,	72,	94,	103,	112,	124,	131,	136,	145,	162,	174,	183,	186,	192,	193,	218,	227,	230,	237,	244,	246],
[19,	32,	39,	42,	44,	52,	55,	58,	60,	63,	66,	67,	100,	103,	109,	112,	119,	129,	136,	142,	145,	153,	162,	174,	190,	192,	221,	228,	230,	234,	244,	254],
[1,	40,	46,	59,	60,	65,	89,	103,	121,	131,	132,	145,	153,	162,	183,	192,	198,	212,	218,	228,	230,	234,	235,	237,	240,	244,	246,	249,	256],
[1,	10,	16,	19,	27,	36,	41,	46,	50,	52,	55,	60,	89,	100,	109,	124,	125,	134,	136,	145,	162,	192,	212,	214,	216,	218,	224,	233,	235,	237,	244],
[1,	17,	22,	27,	32,	36,	39,	40,	41,	55,	59,	65,	101,	103,	110,	112,	124,	147,	162,	174,	183,	186,	188,	190,	192,	193,	198,	199,	224,	227,	228,	230,	244,	246,	251],
[1,	10,	19,	36,	39,	46,	48,	50,	52,	65,	86,	89,	92,	109,	113,	129,	136,	141,	162,	174,	183,	186,	192,	198,	212,	216,	218,	224,	232,	234,	235,	237,	246,	253],
[10,	17,	19,	27,	32,	36,	39,	46,	52,	58,	59,	60,	66,	89,	112,	124,	133,	136,	142,	145,	153,	162,	182,	186,	188,	192,	198,	206,	212,	227,	237,	245,	246],
[1,	10,	19,	36,	46,	49,	50,	52,	55,	61,	65,	66,	67,	89,	94,	103,	109,	129,	142,	145,	153,	162,	178,	179,	183,	190,	192,	197,	210,	216,	218,	223,	227,	230,	234,	235,	237,	244,	246,	249],
[1,	7,	10,	17,	27,	28,	32,	36,	40,	41,	48,	52,	60,	84,	100,	102,	112,	119,	145,	162,	166,	174,	183,	186,	193,	212,	216,	222,	224,	228,	230,	235,	244,	255],
[6,	7,	16,	19,	23,	27,	36,	46,	48,	54,	55,	58,	59,	65,	66,	89,	99,	112,	124,	129,	136,	145,	151,	162,	192,	212,	215,	216,	218,	227],
[1,	10,	17,	39,	41,	45,	46,	50,	51,	55,	58,	60,	89,	112,	131,	136,	142,	162,	186,	189,	198,	212,	221,	224,	230,	244,	252,	256],
[17,	19,	32,	41,	46,	48,	50,	55,	58,	59,	60,	73,	100,	107,	112,	123,	129,	130,	131,	136,	153,	188,	190,	192,	193,	198,	218,	227,	244,	246],
[10,	20,	32,	36,	50,	52,	57,	59,	65,	89,	100,	103,	114,	120,	123,	129,	136,	142,	153,	183,	190,	200,	204,	216,	225,	227,	230,	234,	235,	251,	256],
[19,	36,	40,	41,	48,	50,	52,	55,	58,	60,	65,	89,	109,	114,	124,	136,	159,	183,	188,	190,	192,	193,	198,	202,	208,	218,	224,	225,	230,	235,	237,	238,	244,	256],
[1,	8,	17,	36,	39,	41,	46,	52,	55,	59,	60,	66,	109,	129,	131,	136,	138,	144,	162,	174,	183,	190,	192,	212,	224,	235,	256],
[10,	17,	19,	39,	40,	41,	46,	48,	50,	58,	70,	89,	95,	103,	109,	111,	112,	151,	153,	174,	190,	218,	235,	256],
[21,	39,	50,	52,	55,	66,	103,	112,	124,	129,	131,	134,	153,	162,	190,	192,	193,	198,	210,	216,	224,	228,	234,	251],
[1,	11,	19,	21,	25,	32,	36,	39,	41,	46,	50,	65,	69,	103,	109,	120,	124,	129,	136,	145,	153,	169,	174,	186,	190,	193,	212,	215,	218,	224,	226,	246,	249],
[19,	27,	39,	41,	43,	46,	60,	109,	124,	131,	136,	150,	153,	188,	191,	210,	212,	216,	224,	234,	235,	244,	246],
[4,	10,	14,	31,	39,	50,	52,	58,	66,	69,	83,	91,	109,	129,	135,	142,	153,	162,	174,	183,	188,	198,	204,	216,	225,	227,	228,	233,	246,	251],
[3,	10,	17,	19,	25,	50,	60,	65,	69,	116,	131,	136,	143,	153,	162,	172,	186,	192,	198,	212,	224,	237,	244,	251],
[1,	10,	17,	27,	39,	41,	49,	50,	60,	66,	89,	100,	103,	109,	112,	129,	136,	142,	145,	153,	157,	162,	174,	183,	186,	198,	212,	214,	218,	225,	227,	230,	235,	241,	244,	251,	252],
[1,	9,	10,	19,	46,	59,	60,	65,	101,	112,	124,	131,	145,	186,	188,	190,	193,	198,	207,	216,	229,	230,	234,	238,	239,	244,	256],
[1,	19,	27,	31,	32,	36,	41,	46,	50,	55,	59,	65,	66,	89,	92,	100,	103,	109,	112,	136,	142,	148,	186,	188,	192,	198,	212,	216,	224,	225,	226,	233,	235,	243,	244,	246],
[10,	17,	19,	27,	28,	36,	44,	46,	48,	50,	55,	58,	59,	66,	71,	89,	103,	112,	124,	129,	131,	145,	149,	153,	162,	190,	198,	213,	218,	228,	230,	234,	235,	244,	256],
[9,	17,	27,	32,	39,	47,	50,	52,	54,	58,	59,	65,	66,	100,	103,	119,	124,	132,	142,	156,	162,	183,	186,	190,	211,	212,	213,	216,	218,	224,	227,	228,	234,	237,	256],
[10,	24,	27,	40,	41,	46,	48,	52,	58,	60,	65,	89,	100,	103,	109,	130,	134,	136,	142,	153,	162,	173,	174,	177,	179,	190,	203,	206,	212,	218,	224,	225,	230,	232,	234,	235,	237,	251],
[19,	26,	32,	36,	40,	46,	48,	50,	52,	66,	89,	109,	112,	129,	131,	145,	151,	162,	166,	174,	183,	188,	190,	198,	212,	224,	225,	230,	246,	251,	256],
[19,	27,	46,	52,	55,	58,	59,	60,	65,	88,	100,	103,	109,	126,	142,	145,	151,	153,	162,	174,	183,	186,	192,	193,	212,	218,	225,	227,	228,	235,	237,	246],
[10,	17,	19,	27,	36,	39,	40,	41,	50,	65,	92,	100,	109,	112,	131,	133,	136,	153,	162,	183,	186,	188,	190,	192,	199,	205,	212,	227,	228,	230,	234,	235,	237,	240,	244,	249],
[19,	27,	32,	36,	40,	41,	52,	58,	59,	66,	89,	100,	109,	112,	124,	129,	174,	179,	183,	188,	193,	198,	212,	216,	218,	225,	227,	228,	231,	234,	242,	243,	244],
[17,	25,	48,	54,	55,	60,	65,	66,	84,	103,	109,	112,	124,	131,	151,	167,	174,	188,	192,	193,	201,	212,	218,	225,	230,	237],
[1,	10,	14,	23,	39,	41,	55,	66,	82,	89,	90,	100,	112,	118,	124,	143,	145,	153,	166,	186,	192,	193,	218,	224,	234,	241,	244,	253,	256],
[1,	9,	10,	17,	19,	25,	32,	39,	40,	46,	52,	55,	58,	62,	76,	103,	124,	145,	186,	192,	198,	224,	228,	229,	235,	237,	246,	251,	256],
[10,	17,	19,	27,	39,	41,	46,	48,	50,	52,	53,	60,	66,	71,	80,	84,	109,	124,	129,	145,	149,	158,	174,	186,	190,	200,	216,	235,	239,	246],
[1,	19,	27,	40,	41,	44,	46,	50,	58,	65,	66,	87,	89,	100,	103,	109,	112,	124,	145,	173,	174,	183,	186,	190,	192,	193,	224,	225,	227,	228,	230,	240,	244,	246],
[1,	5,	10,	17,	19,	32,	36,	40,	41,	46,	47,	55,	59,	89,	94,	95,	99,	124,	129,	145,	153,	163,	178,	186,	188,	193,	198,	235,	237,	244],
[1,	5,	17,	19,	28,	29,	37,	40,	41,	50,	52,	59,	66,	89,	100,	106,	109,	112,	124,	129,	142,	145,	174,	183,	190,	192,	193,	196,	202,	206,	216,	230,	234,	244,	249,	252],
[10,	17,	19,	36,	40,	41,	48,	50,	52,	58,	59,	109,	112,	136,	142,	162,	183,	186,	189,	190,	195,	216,	224,	227,	237,	244,	256],
[1,	17,	19,	29,	34,	36,	39,	40,	41,	49,	59,	60,	66,	83,	100,	124,	125,	129,	138,	142,	145,	159,	161,	162,	167,	174,	183,	198,	218,	224,	225,	228,	244,	246],
[4,	9,	10,	17,	37,	40,	41,	59,	65,	89,	109,	114,	152,	153,	174,	190,	193,	198,	212,	219,	224,	225,	233,	235,	244,	254],
[10,	17,	32,	37,	39,	40,	46,	52,	59,	65,	89,	103,	112,	131,	135,	145,	162,	174,	186,	188,	190,	212,	227,	228,	234,	256],
[1,	17,	19,	46,	48,	50,	52,	55,	59,	60,	65,	80,	90,	100,	102,	104,	115,	121,	124,	134,	142,	145,	150,	152,	162,	174,	183,	188,	190,	203,	212,	216,	218,	224,	227,	230,	234,	235,	237,	244,	249,	256],
[7,	13,	17,	32,	36,	39,	41,	48,	52,	53,	58,	60,	65,	92,	100,	105,	112,	124,	129,	131,	136,	145,	150,	162,	174,	186,	187,	190,	193,	200,	204,	212,	230,	235,	237,	246,	252],
[17,	32,	36,	39,	41,	46,	48,	50,	55,	58,	65,	69,	89,	109,	110,	124,	131,	136,	139,	140,	145,	148,	153,	159,	162,	174,	192,	193,	201,	202,	209,	212,	216,	218,	224,	256],
[1,	19,	28,	33,	36,	39,	46,	48,	55,	58,	59,	89,	103,	112,	129,	131,	132,	136,	153,	162,	165,	166,	183,	192,	193,	216,	218,	224,	225,	228,	234,	256],
[1,	16,	27,	32,	36,	39,	40,	41,	46,	65,	103,	124,	129,	142,	145,	162,	165,	183,	186,	190,	192,	198,	200,	224,	230,	234,	237,	244],
[17,	19,	32,	36,	39,	40,	48,	63,	97,	100,	103,	112,	127,	142,	145,	183,	188,	198,	212,	216,	224,	229,	230,	244,	251,	252,	256],
[1,	17,	27,	32,	34,	46,	52,	55,	95,	100,	109,	112,	142,	145,	162,	174,	177,	183,	190,	192,	193,	198,	212,	216,	224,	227,	228,	229,	244,	246,	251,	256],
[17,	27,	40,	41,	48,	50,	52,	59,	60,	65,	89,	103,	105,	129,	135,	136,	141,	142,	183,	186,	190,	193,	198,	212,	225,	256],
[17,	19,	27,	39,	40,	48,	50,	52,	58,	59,	66,	79,	80,	89,	92,	100,	103,	104,	109,	112,	124,	129,	131,	136,	142,	153,	174,	183,	186,	187,	188,	193,	212,	216,	218,	219,	224,	241,	256],
[1,	18,	19,	20,	39,	41,	46,	48,	50,	52,	55,	59,	60,	62,	66,	69,	86,	89,	100,	103,	109,	124,	129,	131,	136,	172,	175,	188,	193,	198,	225,	227,	234,	237,	246],
[10,	18,	27,	50,	52,	59,	100,	109,	124,	136,	145,	153,	162,	164,	186,	192,	193,	212,	218,	224,	234,	237,	244,	251,	256],
[1,	9,	17,	33,	41,	48,	52,	65,	66,	89,	103,	112,	136,	142,	150,	183,	190,	192,	193,	205,	209,	216,	217,	218,	222,	225,	235,	237,	244,	246,	249,	251],
[20,	27,	32,	39,	46,	50,	58,	71,	87,	109,	112,	122,	142,	145,	147,	153,	162,	183,	188,	190,	192,	212,	216,	218,	226,	228,	230,	233,	235,	244,	246,	251],
[19,	27,	32,	33,	39,	40,	46,	52,	55,	57,	58,	59,	60,	67,	89,	118,	129,	131,	136,	142,	145,	147,	162,	174,	183,	188,	190,	198,	204,	206,	216,	220,	221,	224,	225,	228,	242,	244,	246,	251,	256],
[1,	4,	10,	19,	27,	32,	40,	41,	49,	52,	58,	59,	60,	66,	84,	86,	98,	100,	103,	109,	125,	129,	142,	144,	153,	162,	186,	192,	193,	198,	221,	228,	244,	251,	256],
[18,	32,	46,	53,	66,	89,	124,	129,	131,	145,	154,	162,	174,	184,	190,	193,	195,	217,	218,	225,	237,	240,	244,	246,	255],
[17,	19,	27,	39,	40,	46,	48,	50,	52,	53,	58,	59,	65,	86,	100,	103,	174,	188,	190,	192,	193,	198,	224,	228,	234,	244,	246],
[1,	16,	19,	32,	46,	50,	60,	65,	109,	112,	129,	142,	162,	174,	187,	188,	193,	202,	208,	216,	218,	222,	224,	227,	228,	230,	251],
[17,	32,	41,	46,	48,	52,	58,	59,	60,	65,	66,	77,	91,	109,	112,	124,	136,	142,	145,	162,	171,	186,	190,	193,	212,	218,	234],
[1,	10,	17,	27,	30,	36,	39,	41,	52,	58,	59,	60,	89,	100,	109,	113,	136,	145,	162,	174,	186,	190,	196,	198,	212,	218,	224,	225,	227,	245,	246,	256],
[1,	10,	17,	19,	27,	32,	39,	40,	41,	58,	65,	78,	79,	89,	109,	112,	118,	129,	134,	139,	153,	183,	188,	190,	193,	227,	230,	244,	251],
[1,	32,	40,	41,	58,	89,	103,	112,	122,	129,	133,	135,	145,	147,	153,	162,	193,	210,	212,	216,	218,	224,	227,	228,	237,	244,	251,	256],
[10,	27,	32,	36,	37,	39,	40,	41,	50,	58,	59,	60,	62,	65,	89,	109,	124,	131,	136,	137,	153,	174,	185,	186,	192,	198,	227,	235,	237,	244,	251,	254,	256],
[1,	18,	23,	36,	38,	39,	40,	41,	46,	52,	58,	59,	61,	66,	77,	100,	102,	103,	109,	112,	124,	152,	153,	159,	162,	163,	183,	188,	194,	212,	218,	224,	225,	227,	230,	234,	235,	237,	244,	246,	250,	256],
[1,	10,	14,	19,	26,	31,	32,	41,	50,	52,	53,	54,	59,	60,	66,	103,	109,	122,	131,	136,	142,	177,	186,	193,	198,	212,	216,	227,	228,	237,	246,	247,	251,	256],
[10,	19,	23,	39,	40,	51,	52,	55,	58,	65,	66,	71,	89,	103,	109,	124,	130,	136,	145,	162,	186,	188,	192,	198,	204,	207,	212,	216,	217,	218,	224,	225,	227,	235,	246,	256],
[1,	10,	13,	14,	17,	19,	36,	41,	48,	50,	52,	55,	59,	65,	66,	82,	89,	100,	105,	109,	112,	124,	129,	136,	142,	162,	174,	180,	190,	192,	216,	218,	227,	233,	234,	251],
[1,	9,	17,	19,	46,	48,	50,	52,	55,	80,	100,	124,	131,	142,	145,	162,	174,	181,	188,	191,	192,	198,	199,	214,	216,	226,	227,	234,	235,	256],
[10,	27,	48,	50,	54,	57,	58,	59,	60,	66,	68,	89,	99,	100,	124,	129,	131,	145,	162,	174,	188,	190,	193,	196,	198,	224,	225,	228,	230,	246,	256],
[6,	10,	17,	33,	39,	40,	41,	46,	48,	50,	55,	60,	76,	87,	100,	103,	109,	131,	136,	142,	145,	165,	186,	188,	190,	198,	212,	228,	234,	235,	237,	250,	251],
[1,	14,	36,	39,	50,	52,	55,	58,	63,	103,	109,	112,	136,	174,	186,	188,	194,	198,	218,	221,	224,	225,	228,	234,	246,	256],
[10,	16,	19,	25,	27,	32,	48,	52,	55,	58,	60,	65,	89,	109,	114,	131,	142,	174,	180,	181,	192,	195,	196,	216,	222,	223,	224,	234,	237,	241,	244],
[1,	19,	36,	39,	41,	46,	52,	56,	58,	59,	60,	61,	63,	66,	89,	100,	103,	109,	124,	131,	162,	186,	188,	192,	212,	224,	225,	227,	228,	234,	246,	251,	256],
[19,	24,	27,	32,	40,	48,	52,	55,	59,	60,	65,	103,	109,	114,	115,	129,	131,	142,	145,	153,	156,	162,	183,	186,	188,	189,	190,	192,	198,	212,	225,	227,	229,	230,	234,	237,	238],
[17,	19,	27,	36,	40,	41,	48,	59,	60,	65,	66,	89,	95,	124,	136,	145,	164,	171,	174,	188,	190,	192,	193,	198,	206,	212,	216,	235,	241,	244,	246],
[15,	36,	39,	41,	53,	55,	60,	72,	77,	89,	93,	129,	142,	145,	153,	157,	162,	182,	190,	192,	193,	214,	225,	242,	243,	246],
[10,	19,	27,	32,	33,	41,	48,	66,	89,	100,	103,	112,	131,	136,	157,	180,	186,	190,	193,	218,	225,	234,	235,	244],
[6,	27,	39,	41,	46,	48,	53,	58,	65,	66,	75,	78,	89,	95,	110,	129,	131,	147,	162,	174,	183,	186,	190,	192,	195,	216,	218,	227,	228,	230,	237,	242],
[17,	39,	40,	41,	48,	52,	55,	60,	72,	89,	108,	112,	124,	131,	134,	136,	142,	150,	188,	192,	218,	227,	228,	237,	244,	256],
[1,	17,	19,	27,	32,	39,	41,	48,	58,	60,	65,	71,	94,	109,	136,	156,	166,	183,	186,	190,	192,	198,	212,	216,	225,	234,	235,	236,	254],
[1,	5,	27,	32,	36,	40,	48,	59,	65,	66,	89,	95,	100,	103,	112,	131,	142,	153,	157,	178,	183,	186,	188,	190,	198,	217,	224,	228,	236,	237,	247,	251,	252,	256],
[10,	19,	39,	46,	48,	50,	52,	53,	55,	65,	89,	100,	109,	121,	124,	136,	154,	162,	183,	188,	193,	198,	201,	212,	216,	218,	228,	230,	235,	237,	246,	251,	256],
[17,	26,	32,	36,	39,	46,	48,	55,	58,	60,	89,	112,	129,	131,	136,	142,	162,	188,	192,	193,	216,	225,	227,	228,	237,	244,	246,	256],
[1,	31,	32,	35,	36,	40,	48,	52,	55,	58,	59,	60,	66,	100,	122,	128,	136,	144,	153,	162,	183,	187,	188,	192,	218,	221,	224,	225,	227,	234,	235,	236,	237,	256],
[1,	27,	39,	48,	50,	52,	59,	66,	100,	102,	123,	129,	130,	136,	142,	145,	153,	162,	180,	188,	193,	198,	218,	225,	227,	230,	237,	246,	251],
[17,	19,	27,	36,	39,	41,	48,	55,	65,	77,	100,	103,	109,	112,	124,	127,	129,	136,	145,	183,	186,	188,	190,	192,	195,	212,	216,	225,	228,	237,	256],
[10,	17,	21,	22,	24,	27,	30,	34,	36,	39,	41,	46,	48,	52,	58,	66,	75,	77,	89,	105,	109,	111,	112,	124,	162,	174,	175,	188,	197,	201,	212,	216,	218,	225,	228,	235,	237,	242,	246,	256],
[1,	13,	18,	28,	32,	36,	40,	41,	50,	52,	62,	68,	105,	127,	142,	169,	183,	186,	190,	193,	224,	230,	237,	238,	251],
[3,	10,	36,	39,	59,	60,	65,	66,	100,	123,	136,	153,	183,	198,	212,	216,	224,	225,	230,	235,	244,	246,	251],
[10,	19,	27,	36,	39,	40,	43,	46,	50,	52,	55,	60,	62,	112,	113,	124,	131,	153,	159,	174,	192,	212,	216,	228,	230,	234,	241,	251,	256],
[2,	11,	27,	39,	41,	50,	52,	53,	55,	65,	66,	80,	100,	103,	109,	113,	129,	136,	142,	153,	162,	182,	183,	188,	198,	212,	218,	225,	230,	232,	234,	243,	246,	251],
[10,	17,	32,	36,	37,	42,	52,	55,	58,	60,	65,	74,	94,	103,	104,	106,	112,	130,	131,	136,	162,	166,	174,	183,	188,	208,	212,	237,	246],
[1,	17,	39,	40,	48,	55,	58,	75,	103,	112,	118,	136,	142,	145,	149,	159,	183,	186,	188,	192,	193,	198,	224,	227,	230,	234,	235,	236,	237,	241,	251,	256],
[12,	27,	32,	36,	48,	58,	60,	66,	87,	90,	109,	136,	145,	149,	156,	162,	188,	192,	193,	198,	201,	202,	218,	225,	227,	256],
[1,	17,	20,	36,	39,	48,	59,	60,	96,	100,	103,	109,	112,	129,	143,	145,	153,	162,	174,	183,	188,	190,	192,	195,	205,	212,	216,	225,	227,	228,	230,	234,	237,	246,	251,	256],
[8,	10,	16,	17,	30,	39,	40,	46,	50,	54,	55,	58,	59,	83,	89,	105,	112,	131,	136,	145,	155,	162,	193,	212,	216,	228,	233,	235,	244,	250,	251],
[10,	17,	32,	48,	59,	65,	66,	91,	100,	103,	128,	129,	131,	142,	162,	174,	183,	193,	197,	198,	212,	218,	225,	227,	228,	239,	245,	248,	256],
[1,	10,	13,	32,	36,	59,	60,	65,	103,	109,	112,	122,	136,	145,	153,	156,	174,	183,	203,	212,	216,	218,	221,	225,	230,	249,	251,	254,	256],
[17,	36,	41,	48,	55,	58,	76,	100,	107,	124,	136,	142,	145,	153,	162,	174,	203,	212,	214,	225,	244],
[1,	17,	19,	36,	39,	40,	41,	46,	48,	50,	52,	55,	58,	59,	65,	79,	103,	109,	124,	136,	142,	145,	174,	183,	212,	224,	225,	227,	230]]
[[1,	1,	1,	1,	1,	1,	1,	1,	1,	1,	1,	1,	1,	1,	1,	1,	1,	1,	1,	1,	1,	1,	1,	1,	1,	1,	1,	1,	1,	1,	1],
[1,	1,	1,	1,	1,	1,	1,	1,	1,	1,	1,	1,	1,	1,	1,	1,	1,	1,	1,	1,	1,	1,	1,	1,	1,	1,	1,	1,	1,	1],
[1,	1,	1,	1,	1,	1,	1,	1,	1,	1,	1,	1,	1,	1,	1,	1,	1,	1,	1,	1,	1,	1,	1,	1,	1,	1,	1,	1,	1,	1,	1,	1],
[1,	1,	1,	1,	1,	1,	1,	1,	1,	1,	1,	1,	1,	1,	1,	1,	1,	1,	1,	1,	1,	1,	1,	1,	1,	1,	1,	1,	1,	1,	1,	1,	1,	1],
[1,	1,	1,	1,	1,	1,	1,	1,	1,	1,	1,	1,	1,	1,	1,	1,	1,	1,	1,	1,	1,	1,	1,	1,	1,	1,	1,	1],
[1,	1,	1,	1,	1,	1,	1,	1,	1,	1,	1,	1,	1,	1,	1,	1,	1,	1,	1,	1,	1,	1,	1,	1,	1,	1,	1,	1,	1,	1],
[1,	1,	1,	1,	1,	1,	1,	1,	1,	1,	1,	1,	1,	1,	1,	1,	1,	1,	1,	1,	1,	1,	1,	1,	1,	1],
[1,	1,	1,	1,	1,	1,	1,	1,	1,	1,	1,	1,	1,	1,	1,	1,	1,	1,	1,	1,	1,	1,	1,	1,	1,	1,	1,	1,	1,	1,	1,	1,	1,	1],
[1,	1,	1,	1,	1,	1,	1,	1,	1,	1,	1,	1,	1,	1,	1,	1,	1,	1,	1,	1,	1,	1,	1,	1,	1,	1,	1,	1],
[1,	1,	1,	1,	1,	1,	1,	1,	1,	1,	1,	1,	1,	1,	1,	1,	1,	1,	1,	1,	1,	1,	1,	1,	1,	1,	1,	1],
[1,	1,	1,	1,	1,	1,	1,	1,	1,	1,	1,	1,	1,	1,	1,	1,	1,	1,	1,	1,	1,	1,	1,	1,	1,	1,	1,	1,	1,	1,	1],
[1,	1,	1,	1,	1,	1,	1,	1,	1,	1,	1,	1,	1,	1,	1,	1,	1,	1,	1,	1,	1,	1,	1,	1,	1,	1,	1,	1,	1,	1],
[1,	1,	1,	1,	1,	1,	1,	1,	1,	1,	1,	1,	1,	1,	1,	1,	1,	1,	1,	1,	1,	1,	1,	1,	1,	1,	1],
[1,	1,	1,	1,	1,	1,	1,	1,	1,	1,	1,	1,	1,	1,	1,	1,	1,	1,	1,	1,	1,	1,	1,	1,	1,	1,	1,	1],
[1,	1,	1,	1,	1,	1,	1,	1,	1,	1,	1,	1,	1,	1,	1,	1,	1,	1,	1,	1,	1,	1,	1,	1,	1,	1,	1,	1,	1,	1,	1,	1],
[1,	1,	1,	1,	1,	1,	1,	1,	1,	1,	1,	1,	1,	1,	1,	1,	1,	1,	1,	1,	1,	1,	1,	1,	1,	1,	1,	1,	1,	1,	1,	1,	1],
[1,	1,	1,	1,	1,	1,	1,	1,	1,	1,	1,	1,	1,	1,	1,	1,	1,	1,	1,	1,	1,	1,	1,	1,	1,	1,	1,	1,	1,	1,	1,	1,	1],
[1,	1,	1,	1,	1,	1,	1,	1,	1,	1,	1,	1,	1,	1,	1,	1,	1,	1,	1,	1,	1,	1,	1,	1,	1,	1,	1,	1,	1,	1,	1,	1,	1],
[1,	1,	1,	1,	1,	1,	1,	1,	1,	1,	1,	1,	1,	1,	1,	1,	1,	1,	1,	1,	1,	1,	1,	1,	1,	1,	1,	1],
[1,	1,	1,	1,	1,	1,	1,	1,	1,	1,	1,	1,	1,	1,	1,	1,	1,	1,	1,	1,	1,	1,	1,	1,	1,	1,	1,	1,	1,	1,	1],
[1,	1,	1,	1,	1,	1,	1,	1,	1,	1,	1,	1,	1,	1,	1,	1,	1,	1,	1,	1,	1,	1,	1,	1,	1,	1,	1,	1],
[1,	1,	1,	1,	1,	1,	1,	1,	1,	1,	1,	1,	1,	1,	1,	1,	1,	1,	1,	1,	1,	1,	1,	1,	1,	1,	1],
[1,	1,	1,	1,	1,	1,	1,	1,	1,	1,	1,	1,	1,	1,	1,	1,	1,	1,	1,	1,	1,	1,	1,	1,	1,	1,	1,	1,	1,	1,	1,	1,	1,	1,	1,	1,	1,	1,	1,	1,	1,	1,	1,	1,	1,	1],
[1,	1,	1,	1,	1,	1,	1,	1,	1,	1,	1,	1,	1,	1,	1,	1,	1,	1,	1,	1,	1,	1,	1,	1,	1,	1,	1,	1],
[1,	1,	1,	1,	1,	1,	1,	1,	1,	1,	1,	1,	1,	1,	1,	1,	1,	1,	1,	1,	1,	1,	1,	1,	1,	1,	1,	1,	1],
[1,	1,	1,	1,	1,	1,	1,	1,	1,	1,	1,	1,	1,	1,	1,	1,	1,	1,	1,	1,	1,	1,	1],
[1,	1,	1,	1,	1,	1,	1,	1,	1,	1,	1,	1,	1,	1,	1,	1,	1,	1,	1,	1,	1,	1,	1,	1,	1,	1,	1,	1,	1,	1,	1],
[1,	1,	1,	1,	1,	1,	1,	1,	1,	1,	1,	1,	1,	1,	1,	1,	1,	1,	1,	1,	1,	1,	1,	1,	1,	1,	1,	1,	1],
[1,	1,	1,	1,	1,	1,	1,	1,	1,	1,	1,	1,	1,	1,	1,	1,	1,	1,	1,	1,	1,	1,	1,	1],
[1,	1,	1,	1,	1,	1,	1,	1,	1,	1,	1,	1,	1,	1,	1,	1,	1,	1,	1,	1,	1,	1,	1,	1,	1,	1,	1,	1,	1,	1],
[1,	1,	1,	1,	1,	1,	1,	1,	1,	1,	1,	1,	1,	1,	1,	1,	1,	1,	1,	1,	1,	1,	1,	1,	1,	1,	1,	1,	1,	1,	1,	1,	1,	1],
[1,	1,	1,	1,	1,	1,	1,	1,	1,	1,	1,	1,	1,	1,	1,	1,	1,	1,	1,	1,	1,	1,	1,	1,	1,	1,	1,	1,	1],
[1,	1,	1,	1,	1,	1,	1,	1,	1,	1,	1,	1,	1,	1,	1,	1,	1,	1,	1,	1,	1,	1,	1,	1,	1,	1,	1,	1,	1,	1],
[1,	1,	1,	1,	1,	1,	1,	1,	1,	1,	1,	1,	1,	1,	1,	1,	1,	1,	1,	1,	1,	1,	1,	1,	1,	1],
[1,	1,	1,	1,	1,	1,	1,	1,	1,	1,	1,	1,	1,	1,	1,	1,	1,	1,	1,	1,	1,	1,	1,	1,	1,	1,	1,	1,	1,	1,	1,	1,	1],
[1,	1,	1,	1,	1,	1,	1,	1,	1,	1,	1,	1,	1,	1,	1,	1,	1,	1,	1,	1,	1,	1,	1,	1,	1,	1,	1,	1,	1,	1,	1,	1,	1],
[1,	1,	1,	1,	1,	1,	1,	1,	1,	1,	1,	1,	1,	1,	1,	1,	1,	1,	1,	1,	1,	1,	1,	1,	1,	1,	1,	1,	1,	1,	1,	1,	1,	1,	1,	1,	1],
[1,	1,	1,	1,	1,	1,	1,	1,	1,	1,	1,	1,	1,	1,	1,	1,	1,	1,	1,	1,	1,	1,	1,	1,	1,	1,	1,	1,	1,	1,	1,	1],
[1,	1,	1,	1,	1,	1,	1,	1,	1,	1,	1,	1,	1,	1,	1,	1,	1,	1,	1,	1,	1,	1,	1,	1,	1,	1,	1,	1,	1,	1],
[1,	1,	1,	1,	1,	1,	1,	1,	1,	1,	1,	1,	1,	1,	1,	1,	1,	1,	1,	1,	1,	1,	1,	1,	1,	1,	1,	1,	1,	1,	1],
[1,	1,	1,	1,	1,	1,	1,	1,	1,	1,	1,	1,	1,	1,	1,	1,	1,	1,	1,	1,	1,	1,	1],
[1,	1,	1,	1,	1,	1,	1,	1,	1,	1,	1,	1,	1,	1,	1,	1,	1,	1,	1,	1,	1,	1,	1,	1,	1,	1,	1,	1,	1,	1,	1,	1,	1,	1,	1],
[1,	1,	1,	1,	1,	1,	1,	1,	1,	1,	1,	1,	1,	1,	1,	1,	1,	1,	1,	1,	1,	1,	1,	1,	1,	1,	1,	1,	1,	1,	1,	1,	1,	1,	1,	1],
[1,	1,	1,	1,	1,	1,	1,	1,	1,	1,	1,	1,	1,	1,	1,	1,	1,	1,	1,	1,	1,	1,	1,	1,	1,	1,	1,	1,	1,	1,	1,	1,	1,	1],
[1,	1,	1,	1,	1,	1,	1,	1,	1,	1,	1,	1,	1,	1,	1,	1,	1,	1,	1,	1,	1,	1,	1,	1,	1,	1,	1],
[1,	1,	1,	1,	1,	1,	1,	1,	1,	1,	1,	1,	1,	1,	1,	1,	1,	1,	1,	1,	1,	1,	1,	1,	1,	1,	1,	1,	1,	1,	1,	1],
[1,	1,	1,	1,	1,	1,	1,	1,	1,	1,	1,	1,	1,	1,	1,	1,	1,	1,	1,	1,	1,	1,	1,	1,	1,	1,	1,	1,	1],
[1,	1,	1,	1,	1,	1,	1,	1,	1,	1,	1,	1,	1,	1,	1,	1,	1,	1,	1,	1,	1,	1,	1,	1,	1,	1,	1,	1,	1,	1,	1],
[1,	1,	1,	1,	1,	1,	1,	1,	1,	1,	1,	1,	1,	1,	1,	1,	1,	1,	1,	1,	1,	1,	1,	1,	1,	1,	1,	1,	1],
[1,	1,	1,	1,	1,	1,	1,	1,	1,	1,	1,	1,	1,	1,	1,	1,	1,	1,	1,	1,	1,	1,	1,	1,	1,	1,	1,	1,	1,	1,	1,	1,	1,	1,	1,	1],
[1,	1,	1,	1,	1,	1,	1,	1,	1,	1,	1,	1,	1,	1,	1,	1,	1,	1,	1,	1,	1,	1,	1,	1,	1,	1,	1],
[1,	1,	1,	1,	1,	1,	1,	1,	1,	1,	1,	1,	1,	1,	1,	1,	1,	1,	1,	1,	1,	1,	1,	1,	1,	1,	1,	1,	1,	1,	1,	1,	1],
[1,	1,	1,	1,	1,	1,	1,	1,	1,	1,	1,	1,	1,	1,	1,	1,	1,	1,	1,	1,	1,	1,	1,	1,	1,	1,	1,	1,	1,	1,	1,	1,	1,	1,	1,	1,	1,	1],
[1,	1,	1,	1,	1,	1,	1,	1,	1,	1,	1,	1,	1,	1,	1,	1,	1,	1,	1,	1,	1,	1,	1,	1,	1,	1,	1,	1,	1],
[1,	1,	1,	1,	1,	1,	1,	1,	1,	1,	1,	1,	1,	1,	1,	1,	1,	1,	1,	1,	1,	1,	1,	1,	1,	1,	1,	1,	1,	1,	1,	1,	1,	1,	1,	1,	1],
[1,	1,	1,	1,	1,	1,	1,	1,	1,	1,	1,	1,	1,	1,	1,	1,	1,	1,	1,	1,	1,	1,	1,	1,	1,	1,	1,	1],
[1,	1,	1,	1,	1,	1,	1,	1,	1,	1,	1,	1,	1,	1,	1,	1,	1,	1,	1,	1,	1,	1,	1,	1,	1,	1,	1,	1,	1,	1,	1,	1,	1],
[1,	1,	1,	1,	1,	1,	1,	1,	1,	1,	1,	1,	1,	1,	1,	1,	1,	1,	1,	1,	1,	1,	1,	1,	1,	1,	1,	1,	1,	1,	1,	1,	1,	1,	1,	1],
[1,	1,	1,	1,	1,	1,	1,	1,	1,	1,	1,	1,	1,	1,	1,	1,	1,	1,	1,	1,	1,	1,	1,	1,	1,	1,	1,	1,	1,	1,	1,	1],
[1,	1,	1,	1,	1,	1,	1,	1,	1,	1,	1,	1,	1,	1,	1,	1,	1,	1,	1,	1,	1,	1,	1,	1,	1,	1,	1],
[1,	1,	1,	1,	1,	1,	1,	1,	1,	1,	1,	1,	1,	1,	1,	1,	1,	1,	1,	1,	1,	1,	1,	1,	1,	1,	1,	1,	1,	1,	1,	1,	1,	1],
[1,	1,	1,	1,	1,	1,	1,	1,	1,	1,	1,	1,	1,	1,	1,	1,	1,	1,	1,	1,	1,	1,	1,	1,	1,	1,	1,	1,	1,	1,	1,	1,	1,	1,	1],
[1,	1,	1,	1,	1,	1,	1,	1,	1,	1,	1,	1,	1,	1,	1,	1,	1,	1,	1,	1,	1,	1,	1,	1,	1,	1,	1,	1,	1,	1,	1],
[1,	1,	1,	1,	1,	1,	1,	1,	1,	1,	1,	1,	1,	1,	1,	1,	1,	1,	1,	1,	1,	1,	1,	1,	1,	1,	1,	1,	1,	1,	1,	1,	1,	1,	1,	1],
[1,	1,	1,	1,	1,	1,	1,	1,	1,	1,	1,	1,	1,	1,	1,	1,	1,	1,	1,	1,	1,	1,	1,	1,	1,	1],
[1,	1,	1,	1,	1,	1,	1,	1,	1,	1,	1,	1,	1,	1,	1,	1,	1,	1,	1,	1,	1,	1,	1,	1,	1,	1,	1,	1,	1,	1],
[1,	1,	1,	1,	1,	1,	1,	1,	1,	1,	1,	1,	1,	1,	1,	1,	1,	1,	1,	1,	1,	1,	1,	1,	1,	1,	1],
[1,	1,	1,	1,	1,	1,	1,	1,	1,	1,	1,	1,	1,	1,	1,	1,	1,	1,	1,	1,	1,	1,	1,	1,	1,	1,	1,	1,	1,	1,	1,	1,	1,	1,	1],
[1,	1,	1,	1,	1,	1,	1,	1,	1,	1,	1,	1,	1,	1,	1,	1,	1,	1,	1,	1,	1,	1,	1,	1,	1,	1,	1,	1],
[1,	1,	1,	1,	1,	1,	1,	1,	1,	1,	1,	1,	1,	1,	1,	1,	1,	1,	1,	1,	1,	1,	1,	1,	1,	1,	1,	1,	1,	1],
[1,	1,	1,	1,	1,	1,	1,	1,	1,	1,	1,	1,	1,	1,	1,	1,	1,	1,	1,	1,	1,	1,	1,	1,	1,	1,	1,	1,	1,	1,	1,	1],
[1,	1,	1,	1,	1,	1,	1,	1,	1,	1,	1,	1,	1,	1,	1,	1,	1,	1,	1,	1,	1,	1,	1,	1,	1,	1,	1,	1,	1,	1,	1],
[1,	1,	1,	1,	1,	1,	1,	1,	1,	1,	1,	1,	1,	1,	1,	1,	1,	1,	1,	1,	1,	1,	1,	1,	1,	1,	1,	1,	1],
[1,	1,	1,	1,	1,	1,	1,	1,	1,	1,	1,	1,	1,	1,	1,	1,	1,	1,	1,	1,	1],
[1,	1,	1,	1,	1,	1,	1,	1,	1,	1,	1,	1,	1,	1,	1,	1,	1,	1,	1,	1,	1,	1],
[1,	1,	1,	1,	1,	1,	1,	1,	1,	1,	1,	1,	1,	1,	1,	1,	1,	1,	1,	1,	1,	1,	1,	1,	1,	1,	1,	1,	1,	1],
[1,	1,	1,	1,	1,	1,	1,	1,	1,	1,	1,	1,	1,	1,	1,	1,	1,	1,	1,	1,	1,	1,	1,	1,	1,	1,	1,	1,	1,	1,	1,	1,	1],
[1,	1,	1,	1,	1,	1,	1,	1,	1,	1,	1,	1,	1,	1,	1,	1,	1,	1,	1,	1,	1,	1,	1,	1,	1,	1,	1,	1,	1,	1],
[1,	1,	1,	1,	1,	1,	1,	1,	1,	1,	1,	1,	1,	1,	1,	1,	1,	1,	1,	1,	1,	1,	1,	1,	1,	1,	1,	1],
[1,	1,	1,	1,	1,	1,	1,	1,	1,	1,	1,	1,	1,	1,	1,	1,	1,	1,	1,	1,	1,	1,	1,	1,	1],
[1,	1,	1,	1,	1,	1,	1,	1,	1,	1,	1,	1,	1,	1,	1,	1,	1,	1,	1,	1,	1,	1,	1,	1,	1,	1,	1,	1,	1,	1,	1,	1,	1,	1,	1],
[1,	1,	1,	1,	1,	1,	1,	1,	1,	1,	1,	1,	1,	1,	1,	1,	1,	1,	1,	1,	1,	1,	1,	1,	1,	1,	1,	1,	1,	1,	1,	1,	1,	1,	1],
[1,	1,	1,	1,	1,	1,	1,	1,	1,	1,	1,	1,	1,	1,	1,	1,	1,	1,	1,	1,	1,	1,	1,	1,	1,	1,	1,	1,	1,	1,	1,	1,	1,	1,	1],
[1,	1,	1,	1,	1,	1,	1,	1,	1,	1,	1,	1,	1,	1,	1,	1,	1,	1,	1,	1,	1,	1,	1,	1,	1,	1,	1,	1,	1,	1],
[1,	1,	1,	1,	1,	1,	1,	1,	1,	1,	1,	1,	1,	1,	1,	1,	1,	1,	1,	1,	1,	1,	1,	1,	1,	1,	1,	1,	1,	1,	1,	1],
[1,	1,	1,	1,	1,	1,	1,	1,	1,	1,	1,	1,	1,	1,	1,	1,	1,	1,	1,	1,	1,	1,	1,	1,	1,	1,	1,	1,	1,	1,	1,	1],
[1,	1,	1,	1,	1,	1,	1,	1,	1,	1,	1,	1,	1,	1,	1,	1,	1,	1,	1,	1,	1,	1,	1,	1,	1,	1,	1,	1,	1,	1,	1,	1,	1],
[1,	1,	1,	1,	1,	1,	1,	1,	1,	1,	1,	1,	1,	1,	1,	1,	1,	1,	1,	1,	1,	1,	1,	1,	1,	1,	1,	1,	1,	1,	1,	1,	1,	1],
[1,	1,	1,	1,	1,	1,	1,	1,	1,	1,	1,	1,	1,	1,	1,	1,	1,	1,	1,	1,	1,	1,	1,	1,	1,	1,	1,	1,	1,	1,	1,	1,	1,	1,	1],
[1,	1,	1,	1,	1,	1,	1,	1,	1,	1,	1,	1,	1,	1,	1,	1,	1,	1,	1,	1,	1,	1,	1,	1,	1,	1],
[1,	1,	1,	1,	1,	1,	1,	1,	1,	1,	1,	1,	1,	1,	1,	1,	1,	1,	1,	1,	1,	1,	1,	1,	1,	1,	1,	1,	1,	1,	1,	1],
[1,	1,	1,	1,	1,	1,	1,	1,	1,	1,	1,	1,	1,	1,	1,	1,	1,	1,	1,	1,	1,	1,	1,	1,	1,	1,	1,	1,	1,	1,	1],
[1,	1,	1,	1,	1,	1,	1,	1,	1,	1,	1,	1,	1,	1,	1,	1,	1,	1,	1,	1,	1,	1,	1,	1,	1,	1,	1,	1,	1,	1,	1],
[1,	1,	1,	1,	1,	1,	1,	1,	1,	1,	1,	1,	1,	1,	1,	1,	1,	1,	1,	1,	1,	1,	1,	1,	1,	1,	1,	1,	1,	1],
[1,	1,	1,	1,	1,	1,	1,	1,	1,	1,	1,	1,	1,	1,	1,	1,	1,	1,	1,	1,	1,	1,	1,	1,	1,	1,	1,	1,	1,	1,	1,	1,	1,	1,	1,	1,	1],
[1,	1,	1,	1,	1,	1,	1,	1,	1,	1,	1,	1,	1,	1,	1,	1,	1,	1,	1,	1,	1,	1,	1,	1,	1,	1,	1],
[1,	1,	1,	1,	1,	1,	1,	1,	1,	1,	1,	1,	1,	1,	1,	1,	1,	1,	1,	1,	1,	1,	1,	1,	1,	1,	1,	1,	1,	1,	1,	1],
[1,	1,	1,	1,	1,	1,	1,	1,	1,	1,	1,	1,	1,	1,	1,	1,	1,	1,	1,	1,	1,	1,	1,	1,	1,	1,	1,	1],
[1,	1,	1,	1,	1,	1,	1,	1,	1,	1,	1,	1,	1,	1,	1,	1,	1,	1,	1,	1,	1,	1,	1,	1,	1,	1,	1,	1,	1],
[1,	1,	1,	1,	1,	1,	1,	1,	1,	1,	1,	1,	1,	1,	1,	1,	1,	1,	1,	1,	1,	1,	1],
[1,	1,	1,	1,	1,	1,	1,	1,	1,	1,	1,	1,	1,	1,	1,	1,	1,	1,	1,	1,	1,	1,	1,	1,	1,	1,	1,	1,	1,	1,	1,	1,	1,	1,	1,	1,	1,	1],
[1,	1,	1,	1,	1,	1,	1,	1,	1,	1,	1,	1,	1,	1,	1,	1,	1,	1,	1,	1,	1,	1,	1,	1,	1],
[1,	1,	1,	1,	1,	1,	1,	1,	1,	1,	1,	1,	1,	1,	1,	1,	1,	1,	1,	1,	1,	1,	1,	1,	1,	1,	1,	1,	1,	1,	1],
[1,	1,	1,	1,	1,	1,	1,	1,	1,	1,	1,	1,	1,	1,	1,	1,	1,	1,	1,	1,	1,	1,	1,	1,	1,	1,	1,	1,	1,	1],
[1,	1,	1,	1,	1,	1,	1,	1,	1,	1,	1,	1,	1,	1,	1,	1,	1,	1,	1,	1,	1,	1,	1,	1,	1,	1,	1,	1,	1,	1],
[1,	1,	1,	1,	1,	1,	1,	1,	1,	1,	1,	1,	1,	1,	1,	1,	1,	1,	1,	1,	1,	1,	1,	1,	1,	1,	1,	1,	1,	1,	1],
[1,	1,	1,	1,	1,	1,	1,	1,	1,	1,	1,	1,	1,	1,	1,	1,	1,	1,	1,	1,	1,	1,	1,	1,	1,	1,	1,	1,	1],
[1,	1,	1,	1,	1,	1,	1,	1,	1,	1,	1,	1,	1,	1,	1,	1,	1,	1,	1,	1,	1,	1,	1,	1,	1],
[1,	1,	1,	1,	1,	1,	1,	1,	1,	1,	1,	1,	1,	1,	1,	1,	1,	1,	1,	1,	1],
[1,	1,	1,	1,	1,	1,	1,	1,	1,	1,	1,	1,	1,	1,	1,	1,	1,	1,	1,	1,	1,	1,	1,	1,	1,	1,	1,	1,	1,	1,	1,	1,	1,	1,	1,	1,	1],
[1,	1,	1,	1,	1,	1,	1,	1,	1,	1,	1,	1,	1,	1,	1,	1,	1,	1,	1,	1,	1,	1,	1,	1,	1,	1,	1,	1,	1,	1,	1,	1,	1,	1,	1,	1,	1,	1],
[1,	1,	1,	1,	1,	1,	1,	1,	1,	1,	1,	1,	1,	1,	1,	1,	1,	1,	1,	1,	1,	1,	1,	1,	1,	1,	1,	1,	1,	1,	1,	1,	1,	1,	1,	1,	1],
[1,	1,	1,	1,	1,	1,	1,	1,	1,	1,	1,	1,	1,	1,	1,	1,	1,	1,	1,	1,	1,	1,	1,	1,	1,	1,	1,	1,	1,	1,	1,	1,	1,	1],
[1,	1,	1,	1,	1,	1,	1,	1,	1,	1,	1,	1,	1,	1,	1,	1,	1,	1,	1,	1,	1,	1,	1,	1,	1,	1,	1,	1,	1,	1,	1,	1,	1,	1,	1,	1,	1,	1,	1,	1],
[1,	1,	1,	1,	1,	1,	1,	1,	1,	1,	1,	1,	1,	1,	1,	1,	1,	1,	1,	1,	1,	1],
[1,	1,	1,	1,	1,	1,	1,	1,	1,	1,	1,	1,	1,	1,	1,	1,	1,	1,	1,	1,	1,	1,	1,	1,	1,	1,	1,	1,	1,	1,	1,	1],
[1,	1,	1,	1,	1,	1,	1,	1,	1,	1,	1,	1,	1,	1,	1,	1,	1,	1,	1,	1,	1,	1,	1,	1,	1,	1,	1,	1,	1,	1,	1],
[1,	1,	1,	1,	1,	1,	1,	1,	1,	1,	1,	1,	1,	1,	1,	1,	1,	1,	1,	1,	1,	1,	1,	1,	1,	1,	1,	1,	1,	1,	1,	1,	1,	1],
[1,	1,	1,	1,	1,	1,	1,	1,	1,	1,	1,	1,	1,	1,	1,	1,	1,	1,	1,	1,	1,	1,	1,	1,	1,	1,	1,	1,	1],
[1,	1,	1,	1,	1,	1,	1,	1,	1,	1,	1,	1,	1,	1,	1,	1,	1,	1,	1,	1,	1,	1,	1,	1,	1,	1,	1,	1,	1,	1,	1,	1,	1,	1,	1,	1,	1],
[1,	1,	1,	1,	1,	1,	1,	1,	1,	1,	1,	1,	1,	1,	1,	1,	1,	1,	1,	1,	1,	1,	1,	1,	1,	1],
[1,	1,	1,	1,	1,	1,	1,	1,	1,	1,	1,	1,	1,	1,	1,	1,	1,	1,	1,	1,	1,	1,	1,	1,	1],
[1,	1,	1,	1,	1,	1,	1,	1,	1,	1,	1,	1,	1,	1,	1,	1,	1,	1,	1,	1,	1,	1,	1,	1,	1,	1,	1],
[1,	1,	1,	1,	1,	1,	1,	1,	1,	1,	1,	1,	1,	1,	1,	1,	1,	1,	1,	1,	1,	1,	1,	1,	1,	1,	1,	1,	1,	1,	1,	1,	1,	1,	1],
[1,	1,	1,	1,	1,	1,	1,	1,	1,	1,	1,	1,	1,	1,	1,	1,	1,	1,	1,	1,	1,	1],
[1,	1,	1,	1,	1,	1,	1,	1,	1,	1,	1,	1,	1,	1,	1,	1,	1,	1,	1,	1,	1,	1,	1,	1,	1,	1,	1,	1,	1,	1,	1,	1],
[1,	1,	1,	1,	1,	1,	1,	1,	1,	1,	1,	1,	1,	1,	1,	1,	1,	1,	1,	1,	1,	1,	1,	1,	1],
[1,	1,	1,	1,	1,	1,	1,	1,	1,	1,	1,	1,	1,	1,	1,	1,	1,	1,	1,	1,	1,	1,	1,	1,	1,	1,	1,	1,	1,	1,	1,	1,	1,	1,	1,	1,	1,	1,	1,	1,	1,	1],
[1,	1,	1,	1,	1,	1,	1,	1,	1,	1,	1,	1,	1,	1,	1,	1,	1,	1,	1,	1,	1,	1,	1,	1,	1],
[1,	1,	1,	1,	1,	1,	1,	1,	1,	1,	1,	1,	1,	1,	1,	1,	1,	1,	1,	1,	1,	1,	1,	1,	1,	1,	1,	1,	1,	1,	1,	1,	1,	1,	1,	1,	1],
[1,	1,	1,	1,	1,	1,	1,	1,	1,	1,	1,	1,	1,	1,	1,	1,	1,	1,	1,	1,	1,	1,	1,	1,	1,	1,	1,	1,	1,	1,	1,	1,	1,	1,	1],
[1,	1,	1,	1,	1,	1,	1,	1,	1,	1,	1,	1,	1,	1,	1,	1,	1,	1,	1,	1,	1,	1,	1,	1,	1,	1,	1,	1,	1,	1,	1,	1,	1,	1,	1,	1],
[1,	1,	1,	1,	1,	1,	1,	1,	1,	1,	1,	1,	1,	1,	1,	1,	1,	1,	1,	1,	1,	1,	1,	1,	1,	1,	1,	1,	1,	1],
[1,	1,	1,	1,	1,	1,	1,	1,	1,	1,	1,	1,	1,	1,	1,	1,	1,	1,	1,	1,	1,	1,	1],
[1,	1,	1,	1,	1,	1,	1,	1,	1,	1,	1,	1,	1,	1,	1,	1,	1,	1,	1,	1,	1,	1,	1,	1,	1,	1,	1,	1],
[1,	1,	1,	1,	1,	1,	1,	1,	1,	1,	1,	1,	1,	1,	1,	1,	1,	1,	1,	1,	1,	1,	1,	1,	1,	1,	1,	1,	1],
[1,	1,	1,	1,	1,	1,	1,	1,	1,	1,	1,	1,	1,	1,	1,	1,	1,	1,	1,	1,	1,	1,	1,	1,	1,	1,	1,	1,	1,	1,	1,	1],
[1,	1,	1,	1,	1,	1,	1,	1,	1,	1,	1,	1,	1,	1,	1,	1,	1,	1,	1,	1,	1,	1,	1,	1,	1,	1,	1],
[1,	1,	1,	1,	1,	1,	1,	1,	1,	1,	1,	1,	1,	1,	1,	1,	1,	1,	1,	1,	1,	1,	1,	1,	1,	1,	1,	1,	1,	1,	1,	1,	1],
[1,	1,	1,	1,	1,	1,	1,	1,	1,	1,	1,	1,	1,	1,	1,	1,	1,	1,	1,	1,	1,	1,	1,	1,	1,	1,	1,	1,	1,	1,	1,	1,	1,	1,	1],
[1,	1,	1,	1,	1,	1,	1,	1,	1,	1,	1,	1,	1,	1,	1,	1,	1,	1,	1,	1,	1,	1,	1,	1,	1,	1,	1,	1,	1,	1,	1,	1,	1],
[1,	1,	1,	1,	1,	1,	1,	1,	1,	1,	1,	1,	1,	1,	1,	1,	1,	1,	1,	1,	1,	1,	1,	1,	1,	1,	1,	1,	1,	1,	1,	1,	1,	1],
[1,	1,	1,	1,	1,	1,	1,	1,	1,	1,	1,	1,	1,	1,	1,	1,	1,	1,	1,	1,	1,	1,	1,	1,	1,	1,	1,	1,	1,	1,	1],
[1,	1,	1,	1,	1,	1,	1,	1,	1,	1,	1,	1,	1,	1,	1,	1,	1,	1,	1,	1,	1,	1,	1,	1,	1],
[1,	1,	1,	1,	1,	1,	1,	1,	1,	1,	1,	1,	1,	1,	1,	1,	1,	1,	1,	1,	1,	1,	1,	1,	1,	1,	1,	1,	1,	1],
[1,	1,	1,	1,	1,	1,	1,	1,	1,	1,	1,	1,	1,	1,	1,	1,	1,	1,	1,	1,	1,	1,	1,	1,	1,	1],
[1,	1,	1,	1,	1,	1,	1,	1,	1,	1,	1,	1,	1,	1,	1,	1,	1,	1,	1,	1,	1,	1,	1,	1,	1,	1,	1],
[1,	1,	1,	1,	1,	1,	1,	1,	1,	1,	1,	1,	1,	1,	1,	1,	1,	1,	1,	1,	1,	1,	1,	1,	1,	1,	1,	1,	1,	1,	1,	1,	1,	1,	1,	1,	1,	1,	1,	1],
[1,	1,	1,	1,	1,	1,	1,	1,	1,	1,	1,	1,	1,	1,	1,	1,	1,	1,	1,	1,	1,	1,	1,	1,	1,	1,	1,	1,	1,	1,	1,	1,	1,	1,	1,	1,	1,	1,	1],
[1,	1,	1,	1,	1,	1,	1,	1,	1,	1,	1,	1,	1,	1,	1,	1,	1,	1,	1,	1,	1,	1,	1,	1,	1,	1,	1,	1,	1,	1,	1,	1,	1],
[1,	1,	1,	1,	1,	1,	1,	1,	1,	1,	1,	1,	1,	1,	1,	1,	1,	1,	1,	1,	1,	1,	1,	1,	1,	1,	1,	1,	1],
[1,	1,	1,	1,	1,	1,	1,	1,	1,	1,	1,	1,	1,	1,	1,	1,	1,	1,	1,	1,	1,	1,	1,	1,	1,	1],
[1,	1,	1,	1,	1,	1,	1,	1,	1,	1,	1,	1,	1,	1,	1,	1,	1,	1,	1,	1,	1,	1,	1,	1,	1,	1,	1,	1,	1,	1,	1,	1,	1,	1],
[1,	1,	1,	1,	1,	1,	1,	1,	1,	1,	1,	1,	1,	1,	1,	1,	1,	1,	1,	1,	1,	1,	1,	1,	1,	1,	1,	1],
[1,	1,	1,	1,	1,	1,	1,	1,	1,	1,	1,	1,	1,	1,	1,	1,	1,	1,	1,	1,	1,	1,	1,	1,	1,	1,	1,	1,	1],
[1,	1,	1,	1,	1,	1,	1,	1,	1,	1,	1,	1,	1,	1,	1,	1,	1,	1,	1,	1,	1,	1,	1],
[1,	1,	1,	1,	1,	1,	1,	1,	1,	1,	1,	1,	1,	1,	1,	1,	1,	1,	1,	1,	1,	1,	1,	1,	1,	1,	1,	1,	1],
[1,	1,	1,	1,	1,	1,	1,	1,	1,	1,	1,	1,	1,	1,	1,	1,	1,	1,	1,	1,	1,	1,	1,	1,	1,	1,	1,	1,	1,	1,	1,	1,	1,	1,	1,	1,	1],
[1,	1,	1,	1,	1,	1,	1,	1,	1,	1,	1,	1,	1,	1,	1,	1,	1,	1,	1,	1,	1,	1,	1,	1],
[1,	1,	1,	1,	1,	1,	1,	1,	1,	1,	1,	1,	1,	1,	1,	1,	1,	1,	1,	1,	1,	1,	1,	1,	1,	1,	1,	1,	1,	1,	1,	1,	1,	1,	1,	1,	1,	1],
[1,	1,	1,	1,	1,	1,	1,	1,	1,	1,	1,	1,	1,	1,	1,	1,	1,	1,	1,	1,	1,	1,	1,	1,	1,	1,	1,	1,	1,	1,	1,	1,	1,	1],
[1,	1,	1,	1,	1,	1,	1,	1,	1,	1,	1,	1,	1,	1,	1,	1,	1,	1,	1,	1,	1,	1,	1,	1,	1,	1,	1,	1,	1,	1,	1,	1,	1,	1],
[1,	1,	1,	1,	1,	1,	1,	1,	1,	1,	1,	1,	1,	1,	1,	1,	1,	1,	1,	1,	1,	1,	1,	1,	1,	1,	1,	1,	1,	1,	1],
[1,	1,	1,	1,	1,	1,	1,	1,	1,	1,	1,	1,	1,	1,	1,	1,	1,	1,	1,	1,	1,	1,	1,	1,	1,	1,	1,	1,	1],
[1,	1,	1,	1,	1,	1,	1,	1,	1,	1,	1,	1,	1,	1,	1,	1,	1,	1,	1,	1,	1,	1,	1,	1,	1,	1,	1,	1,	1],
[1,	1,	1,	1,	1,	1,	1,	1,	1,	1,	1,	1,	1,	1,	1,	1,	1,	1,	1,	1,	1,	1,	1,	1,	1,	1,	1],
[1,	1,	1,	1,	1,	1,	1,	1,	1,	1,	1,	1,	1,	1,	1,	1,	1,	1,	1,	1,	1,	1,	1,	1,	1,	1,	1,	1,	1,	1,	1,	1,	1,	1,	1],
[1,	1,	1,	1,	1,	1,	1,	1,	1,	1,	1,	1,	1,	1,	1,	1,	1,	1,	1,	1,	1,	1,	1,	1,	1,	1,	1,	1,	1,	1,	1,	1],
[1,	1,	1,	1,	1,	1,	1,	1,	1,	1,	1,	1,	1,	1,	1,	1,	1,	1,	1,	1,	1,	1,	1,	1,	1,	1,	1,	1,	1],
[1,	1,	1,	1,	1,	1,	1,	1,	1,	1,	1,	1,	1,	1,	1,	1,	1,	1,	1,	1,	1,	1,	1,	1,	1,	1,	1,	1,	1,	1,	1],
[1,	1,	1,	1,	1,	1,	1,	1,	1,	1,	1,	1,	1,	1,	1,	1,	1,	1,	1,	1,	1,	1,	1,	1,	1,	1,	1,	1,	1,	1,	1,	1,	1,	1,	1],
[1,	1,	1,	1,	1,	1,	1,	1,	1,	1,	1,	1,	1,	1,	1,	1,	1,	1,	1,	1,	1,	1,	1,	1,	1,	1,	1,	1,	1,	1,	1,	1,	1,	1],
[1,	1,	1,	1,	1,	1,	1,	1,	1,	1,	1,	1,	1,	1,	1,	1,	1,	1,	1,	1,	1,	1,	1,	1,	1,	1,	1,	1,	1,	1,	1,	1,	1],
[1,	1,	1,	1,	1,	1,	1,	1,	1,	1,	1,	1,	1,	1,	1,	1,	1,	1,	1,	1,	1,	1,	1,	1,	1,	1,	1,	1,	1,	1,	1,	1,	1,	1,	1,	1,	1,	1,	1,	1],
[1,	1,	1,	1,	1,	1,	1,	1,	1,	1,	1,	1,	1,	1,	1,	1,	1,	1,	1,	1,	1,	1,	1,	1,	1,	1,	1,	1,	1,	1,	1,	1,	1,	1],
[1,	1,	1,	1,	1,	1,	1,	1,	1,	1,	1,	1,	1,	1,	1,	1,	1,	1,	1,	1,	1,	1,	1,	1,	1,	1,	1,	1,	1,	1],
[1,	1,	1,	1,	1,	1,	1,	1,	1,	1,	1,	1,	1,	1,	1,	1,	1,	1,	1,	1,	1,	1,	1,	1,	1,	1,	1,	1],
[1,	1,	1,	1,	1,	1,	1,	1,	1,	1,	1,	1,	1,	1,	1,	1,	1,	1,	1,	1,	1,	1,	1,	1,	1,	1,	1,	1,	1,	1],
[1,	1,	1,	1,	1,	1,	1,	1,	1,	1,	1,	1,	1,	1,	1,	1,	1,	1,	1,	1,	1,	1,	1,	1,	1,	1,	1,	1,	1,	1,	1],
[1,	1,	1,	1,	1,	1,	1,	1,	1,	1,	1,	1,	1,	1,	1,	1,	1,	1,	1,	1,	1,	1,	1,	1,	1,	1,	1,	1,	1,	1,	1,	1,	1,	1],
[1,	1,	1,	1,	1,	1,	1,	1,	1,	1,	1,	1,	1,	1,	1,	1,	1,	1,	1,	1,	1,	1,	1,	1,	1,	1,	1],
[1,	1,	1,	1,	1,	1,	1,	1,	1,	1,	1,	1,	1,	1,	1,	1,	1,	1,	1,	1,	1,	1,	1,	1],
[1,	1,	1,	1,	1,	1,	1,	1,	1,	1,	1,	1,	1,	1,	1,	1,	1,	1,	1,	1,	1,	1,	1,	1],
[1,	1,	1,	1,	1,	1,	1,	1,	1,	1,	1,	1,	1,	1,	1,	1,	1,	1,	1,	1,	1,	1,	1,	1,	1,	1,	1,	1,	1,	1,	1,	1,	1],
[1,	1,	1,	1,	1,	1,	1,	1,	1,	1,	1,	1,	1,	1,	1,	1,	1,	1,	1,	1,	1,	1,	1],
[1,	1,	1,	1,	1,	1,	1,	1,	1,	1,	1,	1,	1,	1,	1,	1,	1,	1,	1,	1,	1,	1,	1,	1,	1,	1,	1,	1,	1,	1],
[1,	1,	1,	1,	1,	1,	1,	1,	1,	1,	1,	1,	1,	1,	1,	1,	1,	1,	1,	1,	1,	1,	1,	1],
[1,	1,	1,	1,	1,	1,	1,	1,	1,	1,	1,	1,	1,	1,	1,	1,	1,	1,	1,	1,	1,	1,	1,	1,	1,	1,	1,	1,	1,	1,	1,	1,	1,	1,	1,	1,	1],
[1,	1,	1,	1,	1,	1,	1,	1,	1,	1,	1,	1,	1,	1,	1,	1,	1,	1,	1,	1,	1,	1,	1,	1,	1,	1,	1],
[1,	1,	1,	1,	1,	1,	1,	1,	1,	1,	1,	1,	1,	1,	1,	1,	1,	1,	1,	1,	1,	1,	1,	1,	1,	1,	1,	1,	1,	1,	1,	1,	1,	1,	1,	1],
[1,	1,	1,	1,	1,	1,	1,	1,	1,	1,	1,	1,	1,	1,	1,	1,	1,	1,	1,	1,	1,	1,	1,	1,	1,	1,	1,	1,	1,	1,	1,	1,	1,	1,	1],
[1,	1,	1,	1,	1,	1,	1,	1,	1,	1,	1,	1,	1,	1,	1,	1,	1,	1,	1,	1,	1,	1,	1,	1,	1,	1,	1,	1,	1,	1,	1,	1,	1,	1,	1],
[1,	1,	1,	1,	1,	1,	1,	1,	1,	1,	1,	1,	1,	1,	1,	1,	1,	1,	1,	1,	1,	1,	1,	1,	1,	1,	1,	1,	1,	1,	1,	1,	1,	1,	1,	1,	1,	1],
[1,	1,	1,	1,	1,	1,	1,	1,	1,	1,	1,	1,	1,	1,	1,	1,	1,	1,	1,	1,	1,	1,	1,	1,	1,	1,	1,	1,	1,	1,	1],
[1,	1,	1,	1,	1,	1,	1,	1,	1,	1,	1,	1,	1,	1,	1,	1,	1,	1,	1,	1,	1,	1,	1,	1,	1,	1,	1,	1,	1,	1,	1,	1],
[1,	1,	1,	1,	1,	1,	1,	1,	1,	1,	1,	1,	1,	1,	1,	1,	1,	1,	1,	1,	1,	1,	1,	1,	1,	1,	1,	1,	1,	1,	1,	1,	1,	1,	1,	1],
[1,	1,	1,	1,	1,	1,	1,	1,	1,	1,	1,	1,	1,	1,	1,	1,	1,	1,	1,	1,	1,	1,	1,	1,	1,	1,	1,	1,	1,	1,	1,	1,	1],
[1,	1,	1,	1,	1,	1,	1,	1,	1,	1,	1,	1,	1,	1,	1,	1,	1,	1,	1,	1,	1,	1,	1,	1,	1,	1],
[1,	1,	1,	1,	1,	1,	1,	1,	1,	1,	1,	1,	1,	1,	1,	1,	1,	1,	1,	1,	1,	1,	1,	1,	1,	1,	1,	1,	1],
[1,	1,	1,	1,	1,	1,	1,	1,	1,	1,	1,	1,	1,	1,	1,	1,	1,	1,	1,	1,	1,	1,	1,	1,	1,	1,	1,	1,	1],
[1,	1,	1,	1,	1,	1,	1,	1,	1,	1,	1,	1,	1,	1,	1,	1,	1,	1,	1,	1,	1,	1,	1,	1,	1,	1,	1,	1,	1,	1],
[1,	1,	1,	1,	1,	1,	1,	1,	1,	1,	1,	1,	1,	1,	1,	1,	1,	1,	1,	1,	1,	1,	1,	1,	1,	1,	1,	1,	1,	1,	1,	1,	1,	1],
[1,	1,	1,	1,	1,	1,	1,	1,	1,	1,	1,	1,	1,	1,	1,	1,	1,	1,	1,	1,	1,	1,	1,	1,	1,	1,	1,	1,	1,	1],
[1,	1,	1,	1,	1,	1,	1,	1,	1,	1,	1,	1,	1,	1,	1,	1,	1,	1,	1,	1,	1,	1,	1,	1,	1,	1,	1,	1,	1,	1,	1,	1,	1,	1,	1,	1],
[1,	1,	1,	1,	1,	1,	1,	1,	1,	1,	1,	1,	1,	1,	1,	1,	1,	1,	1,	1,	1,	1,	1,	1,	1,	1,	1],
[1,	1,	1,	1,	1,	1,	1,	1,	1,	1,	1,	1,	1,	1,	1,	1,	1,	1,	1,	1,	1,	1,	1,	1,	1,	1,	1,	1,	1,	1,	1,	1,	1,	1],
[1,	1,	1,	1,	1,	1,	1,	1,	1,	1,	1,	1,	1,	1,	1,	1,	1,	1,	1,	1,	1,	1,	1,	1,	1,	1],
[1,	1,	1,	1,	1,	1,	1,	1,	1,	1,	1,	1,	1,	1,	1,	1,	1,	1,	1,	1,	1,	1,	1,	1,	1,	1],
[1,	1,	1,	1,	1,	1,	1,	1,	1,	1,	1,	1,	1,	1,	1,	1,	1,	1,	1,	1,	1,	1,	1,	1,	1,	1,	1,	1,	1,	1,	1,	1,	1,	1,	1,	1,	1,	1,	1,	1,	1,	1],
[1,	1,	1,	1,	1,	1,	1,	1,	1,	1,	1,	1,	1,	1,	1,	1,	1,	1,	1,	1,	1,	1,	1,	1,	1,	1,	1,	1,	1,	1,	1,	1,	1,	1,	1,	1,	1],
[1,	1,	1,	1,	1,	1,	1,	1,	1,	1,	1,	1,	1,	1,	1,	1,	1,	1,	1,	1,	1,	1,	1,	1,	1,	1,	1,	1,	1,	1,	1,	1,	1,	1,	1,	1],
[1,	1,	1,	1,	1,	1,	1,	1,	1,	1,	1,	1,	1,	1,	1,	1,	1,	1,	1,	1,	1,	1,	1,	1,	1,	1,	1,	1,	1,	1,	1,	1],
[1,	1,	1,	1,	1,	1,	1,	1,	1,	1,	1,	1,	1,	1,	1,	1,	1,	1,	1,	1,	1,	1,	1,	1,	1,	1,	1,	1],
[1,	1,	1,	1,	1,	1,	1,	1,	1,	1,	1,	1,	1,	1,	1,	1,	1,	1,	1,	1,	1,	1,	1,	1,	1,	1,	1],
[1,	1,	1,	1,	1,	1,	1,	1,	1,	1,	1,	1,	1,	1,	1,	1,	1,	1,	1,	1,	1,	1,	1,	1,	1,	1,	1,	1,	1,	1,	1,	1],
[1,	1,	1,	1,	1,	1,	1,	1,	1,	1,	1,	1,	1,	1,	1,	1,	1,	1,	1,	1,	1,	1,	1,	1,	1,	1],
[1,	1,	1,	1,	1,	1,	1,	1,	1,	1,	1,	1,	1,	1,	1,	1,	1,	1,	1,	1,	1,	1,	1,	1,	1,	1,	1,	1,	1,	1,	1,	1,	1,	1,	1,	1,	1,	1,	1],
[1,	1,	1,	1,	1,	1,	1,	1,	1,	1,	1,	1,	1,	1,	1,	1,	1,	1,	1,	1,	1,	1,	1,	1,	1,	1,	1,	1,	1,	1,	1,	1,	1,	1,	1],
[1,	1,	1,	1,	1,	1,	1,	1,	1,	1,	1,	1,	1,	1,	1,	1,	1,	1,	1,	1,	1,	1,	1,	1,	1],
[1,	1,	1,	1,	1,	1,	1,	1,	1,	1,	1,	1,	1,	1,	1,	1,	1,	1,	1,	1,	1,	1,	1,	1,	1,	1,	1,	1,	1,	1,	1,	1],
[1,	1,	1,	1,	1,	1,	1,	1,	1,	1,	1,	1,	1,	1,	1,	1,	1,	1,	1,	1,	1,	1,	1,	1,	1,	1,	1,	1,	1,	1,	1,	1],
[1,	1,	1,	1,	1,	1,	1,	1,	1,	1,	1,	1,	1,	1,	1,	1,	1,	1,	1,	1,	1,	1,	1,	1,	1,	1,	1,	1,	1,	1,	1,	1,	1,	1,	1,	1,	1,	1,	1,	1,	1],
[1,	1,	1,	1,	1,	1,	1,	1,	1,	1,	1,	1,	1,	1,	1,	1,	1,	1,	1,	1,	1,	1,	1,	1,	1,	1,	1,	1,	1,	1,	1,	1,	1,	1,	1],
[1,	1,	1,	1,	1,	1,	1,	1,	1,	1,	1,	1,	1,	1,	1,	1,	1,	1,	1,	1,	1,	1,	1,	1,	1],
[1,	1,	1,	1,	1,	1,	1,	1,	1,	1,	1,	1,	1,	1,	1,	1,	1,	1,	1,	1,	1,	1,	1,	1,	1,	1,	1],
[1,	1,	1,	1,	1,	1,	1,	1,	1,	1,	1,	1,	1,	1,	1,	1,	1,	1,	1,	1,	1,	1,	1,	1,	1,	1,	1],
[1,	1,	1,	1,	1,	1,	1,	1,	1,	1,	1,	1,	1,	1,	1,	1,	1,	1,	1,	1,	1,	1,	1,	1,	1,	1,	1],
[1,	1,	1,	1,	1,	1,	1,	1,	1,	1,	1,	1,	1,	1,	1,	1,	1,	1,	1,	1,	1,	1,	1,	1,	1,	1,	1,	1,	1,	1,	1,	1],
[1,	1,	1,	1,	1,	1,	1,	1,	1,	1,	1,	1,	1,	1,	1,	1,	1,	1,	1,	1,	1,	1,	1,	1,	1,	1,	1,	1,	1],
[1,	1,	1,	1,	1,	1,	1,	1,	1,	1,	1,	1,	1,	1,	1,	1,	1,	1,	1,	1,	1,	1,	1,	1,	1,	1,	1,	1],
[1,	1,	1,	1,	1,	1,	1,	1,	1,	1,	1,	1,	1,	1,	1,	1,	1,	1,	1,	1,	1,	1,	1,	1,	1,	1,	1,	1,	1,	1,	1,	1,	1],
[1,	1,	1,	1,	1,	1,	1,	1,	1,	1,	1,	1,	1,	1,	1,	1,	1,	1,	1,	1,	1,	1,	1,	1,	1,	1,	1,	1,	1,	1,	1,	1,	1,	1,	1,	1,	1,	1,	1,	1,	1,	1],
[1,	1,	1,	1,	1,	1,	1,	1,	1,	1,	1,	1,	1,	1,	1,	1,	1,	1,	1,	1,	1,	1,	1,	1,	1,	1,	1,	1,	1,	1,	1,	1,	1,	1],
[1,	1,	1,	1,	1,	1,	1,	1,	1,	1,	1,	1,	1,	1,	1,	1,	1,	1,	1,	1,	1,	1,	1,	1,	1,	1,	1,	1,	1,	1,	1,	1,	1,	1,	1,	1],
[1,	1,	1,	1,	1,	1,	1,	1,	1,	1,	1,	1,	1,	1,	1,	1,	1,	1,	1,	1,	1,	1,	1,	1,	1,	1,	1,	1,	1,	1,	1,	1,	1,	1,	1,	1],
[1,	1,	1,	1,	1,	1,	1,	1,	1,	1,	1,	1,	1,	1,	1,	1,	1,	1,	1,	1,	1,	1,	1,	1,	1,	1,	1,	1,	1,	1],
[1,	1,	1,	1,	1,	1,	1,	1,	1,	1,	1,	1,	1,	1,	1,	1,	1,	1,	1,	1,	1,	1,	1,	1,	1,	1,	1,	1,	1,	1,	1],
[1,	1,	1,	1,	1,	1,	1,	1,	1,	1,	1,	1,	1,	1,	1,	1,	1,	1,	1,	1,	1,	1,	1,	1,	1,	1,	1,	1,	1,	1,	1,	1,	1],
[1,	1,	1,	1,	1,	1,	1,	1,	1,	1,	1,	1,	1,	1,	1,	1,	1,	1,	1,	1,	1,	1,	1,	1,	1,	1],
[1,	1,	1,	1,	1,	1,	1,	1,	1,	1,	1,	1,	1,	1,	1,	1,	1,	1,	1,	1,	1,	1,	1,	1,	1,	1,	1,	1,	1,	1,	1],
[1,	1,	1,	1,	1,	1,	1,	1,	1,	1,	1,	1,	1,	1,	1,	1,	1,	1,	1,	1,	1,	1,	1,	1,	1,	1,	1,	1,	1,	1,	1,	1,	1],
[1,	1,	1,	1,	1,	1,	1,	1,	1,	1,	1,	1,	1,	1,	1,	1,	1,	1,	1,	1,	1,	1,	1,	1,	1,	1,	1,	1,	1,	1,	1,	1,	1,	1,	1,	1,	1],
[1,	1,	1,	1,	1,	1,	1,	1,	1,	1,	1,	1,	1,	1,	1,	1,	1,	1,	1,	1,	1,	1,	1,	1,	1,	1,	1,	1,	1,	1,	1],
[1,	1,	1,	1,	1,	1,	1,	1,	1,	1,	1,	1,	1,	1,	1,	1,	1,	1,	1,	1,	1,	1,	1,	1,	1,	1],
[1,	1,	1,	1,	1,	1,	1,	1,	1,	1,	1,	1,	1,	1,	1,	1,	1,	1,	1,	1,	1,	1,	1,	1],
[1,	1,	1,	1,	1,	1,	1,	1,	1,	1,	1,	1,	1,	1,	1,	1,	1,	1,	1,	1,	1,	1,	1,	1,	1,	1,	1,	1,	1,	1,	1,	1],
[1,	1,	1,	1,	1,	1,	1,	1,	1,	1,	1,	1,	1,	1,	1,	1,	1,	1,	1,	1,	1,	1,	1,	1,	1,	1],
[1,	1,	1,	1,	1,	1,	1,	1,	1,	1,	1,	1,	1,	1,	1,	1,	1,	1,	1,	1,	1,	1,	1,	1,	1,	1,	1,	1,	1],
[1,	1,	1,	1,	1,	1,	1,	1,	1,	1,	1,	1,	1,	1,	1,	1,	1,	1,	1,	1,	1,	1,	1,	1,	1,	1,	1,	1,	1,	1,	1,	1,	1,	1],
[1,	1,	1,	1,	1,	1,	1,	1,	1,	1,	1,	1,	1,	1,	1,	1,	1,	1,	1,	1,	1,	1,	1,	1,	1,	1,	1,	1,	1,	1,	1,	1,	1],
[1,	1,	1,	1,	1,	1,	1,	1,	1,	1,	1,	1,	1,	1,	1,	1,	1,	1,	1,	1,	1,	1,	1,	1,	1,	1,	1,	1],
[1,	1,	1,	1,	1,	1,	1,	1,	1,	1,	1,	1,	1,	1,	1,	1,	1,	1,	1,	1,	1,	1,	1,	1,	1,	1,	1,	1,	1,	1,	1,	1,	1,	1],
[1,	1,	1,	1,	1,	1,	1,	1,	1,	1,	1,	1,	1,	1,	1,	1,	1,	1,	1,	1,	1,	1,	1,	1,	1,	1,	1,	1,	1],
[1,	1,	1,	1,	1,	1,	1,	1,	1,	1,	1,	1,	1,	1,	1,	1,	1,	1,	1,	1,	1,	1,	1,	1,	1,	1,	1,	1,	1,	1,	1],
[1,	1,	1,	1,	1,	1,	1,	1,	1,	1,	1,	1,	1,	1,	1,	1,	1,	1,	1,	1,	1,	1,	1,	1,	1,	1,	1,	1,	1,	1,	1,	1,	1,	1,	1,	1,	1,	1,	1,	1],
[1,	1,	1,	1,	1,	1,	1,	1,	1,	1,	1,	1,	1,	1,	1,	1,	1,	1,	1,	1,	1,	1,	1,	1,	1],
[1,	1,	1,	1,	1,	1,	1,	1,	1,	1,	1,	1,	1,	1,	1,	1,	1,	1,	1,	1,	1,	1,	1],
[1,	1,	1,	1,	1,	1,	1,	1,	1,	1,	1,	1,	1,	1,	1,	1,	1,	1,	1,	1,	1,	1,	1,	1,	1,	1,	1,	1,	1],
[1,	1,	1,	1,	1,	1,	1,	1,	1,	1,	1,	1,	1,	1,	1,	1,	1,	1,	1,	1,	1,	1,	1,	1,	1,	1,	1,	1,	1,	1,	1,	1,	1,	1],
[1,	1,	1,	1,	1,	1,	1,	1,	1,	1,	1,	1,	1,	1,	1,	1,	1,	1,	1,	1,	1,	1,	1,	1,	1,	1,	1,	1,	1],
[1,	1,	1,	1,	1,	1,	1,	1,	1,	1,	1,	1,	1,	1,	1,	1,	1,	1,	1,	1,	1,	1,	1,	1,	1,	1,	1,	1,	1,	1,	1,	1],
[1,	1,	1,	1,	1,	1,	1,	1,	1,	1,	1,	1,	1,	1,	1,	1,	1,	1,	1,	1,	1,	1,	1,	1,	1,	1],
[1,	1,	1,	1,	1,	1,	1,	1,	1,	1,	1,	1,	1,	1,	1,	1,	1,	1,	1,	1,	1,	1,	1,	1,	1,	1,	1,	1,	1,	1,	1,	1,	1,	1,	1,	1],
[1,	1,	1,	1,	1,	1,	1,	1,	1,	1,	1,	1,	1,	1,	1,	1,	1,	1,	1,	1,	1,	1,	1,	1,	1,	1,	1,	1,	1,	1,	1],
[1,	1,	1,	1,	1,	1,	1,	1,	1,	1,	1,	1,	1,	1,	1,	1,	1,	1,	1,	1,	1,	1,	1,	1,	1,	1,	1,	1,	1],
[1,	1,	1,	1,	1,	1,	1,	1,	1,	1,	1,	1,	1,	1,	1,	1,	1,	1,	1,	1,	1,	1,	1,	1,	1,	1,	1,	1,	1],
[1,	1,	1,	1,	1,	1,	1,	1,	1,	1,	1,	1,	1,	1,	1,	1,	1,	1,	1,	1,	1],
[1,	1,	1,	1,	1,	1,	1,	1,	1,	1,	1,	1,	1,	1,	1,	1,	1,	1,	1,	1,	1,	1,	1,	1,	1,	1,	1,	1,	1]]
[0,	1,	1,	1,	1,	1,	1,	1,	1,	0,	1,	1,	1,	1,	1,	1,	0,	1,	0,	1,	1,	1,	1,	1,	1,	1,	0,	1,	1,	1,	1,	0,	1,	1,	1,	0,	1,	1,	0,	0,	0,	1,	1,	1,	1,	0,	1,	0,	1,	0,	1,	0,	1,	1,	0,	1,	1,	0,	0,	0,	1,	1,	1,	1,	0,	0,	1,	1,	1,	1,	1,	1,	1,	1,	1,	1,	1,	1,	1,	1,	1,	1,	1,	1,	1,	1,	1,	1,	0,	1,	1,	1,	1,	1,	1,	1,	1,	1,	1,	0,	1,	1,	0,	1,	1,	1,	1,	1,	0,	1,	1,	0,	1,	1,	1,	1,	1,	1,	1,	1,	1,	1,	1,	0,	1,	1,	1,	1,	0,	1,	0,	1,	1,	1,	1,	0,	1,	1,	1,	1,	1,	0,	1,	1,	0,	1,	1,	1,	1,	1,	1,	1,	0,	1,	1,	1,	1,	1,	1,	1,	1,	0,	1,	1,	1,	1,	1,	1,	1,	1,	1,	1,	1,	0,	1,	1,	1,	1,	1,	1,	1,	1,	0,	1,	1,	0,	1,	0,	1,	0,	1,	0,	0,	1,	1,	1,	1,	0,	1,	1,	1,	1,	1,	1,	1,	1,	1,	1,	1,	1,	1,	0,	1,	1,	1,	0,	1,	0,	1,	1,	1,	1,	1,	0,	0,	1,	0,	0,	1,	0,	1,	1,	1,	0,	0,	1,	0,	1,	1,	1,	1,	1,	1,	0,	1,	0,	1,	1,	1,	1,	0,	1,	1,	1,	1,	0]